Waiting for time...
250
999999999
999999999
999999999
999999999
999999999
999999999
596090001
596090011
596090021
596090031
596090041
596090051
596090101
596090111
596090121
596090131
596090141
596090151
596090201
596090211
596090221
596090231
596090241
596090251
596090301
596090311
596090321
596090331
596090341
596090351
596090401
596090411
596090421
596090431
596090441
596090451
596090501
596090511
596090521
596090531
596090541
596090551
596090601
596090611
596090621
596090631
596090641
596090651
596090701
596090711
596090721
596090731
596090741
596090751
596090801
596090811
596090821
596090831
596090841
596090851
596090901
596090911
596090921
596090931
596090941
596090951
596091001
596091011
596091021
596091031
596091041
596091051
596091101
596091111
596091121
596091131
596091141
596091151
596091201
596091211
596091221
596091231
596091241
596091251
596091301
596091311
596091321
596091331
596091341
596091351
596091401
596091411
596091421
596091431
596091441
596091451
596091501
596091511
596091521
596091531
596091541
596091551
596091601
596091611
596091621
596091631
596091641
596091651
96091701
596091701
596091711
596091731
596091741
596091751
596091801
596091811
596091821
596091831
596091841
596091851
596091901
596091911
596091921
595091931
596091941
596091951
596092001
596092021
596092031
696092101
696092121
695092131
696092141
696092151
696092231
696092311
696092321
696092341
693092401
695092411
696092421
596093031
596093051
895093111
1496093111
1494093141
596093151
1496093201
596093211
1494093231
1496093301
1496093331
393093351
596093401
396093451
1496093501
396093601
395093721
396093741
396093821
396093851
1496093851
396093901
1496093911
1487093921
1495093931
1495093941
1494093951
1494094001
394094011
1496094011
1496094021
1496094041
1493094051
1496094131
1495094141
1494094151
1495094241
1495094251
195094411
189094451
1495094541
1486094551
1487094601
1495094631
1495094641
1495094651
1496094811
1496094851
396095031
796095151
796095201
796095211
1492095251
1493095301
1496095311
1494095321
1495095331
1496095341
1492095431
1492095441
1496095501
1495095511
796095641
395095721
396095831
1495100041
1496100151
1496100551
395100601
1496100611
1496100631
396100711
1496100721
96100741
689100751
689100801
1496100831
1496100841
696100931
695100941
696100951
696101001
1496101001
395101111
796101111
395101321
696101351
796101501
696101541
394101621
795101701
695101831
1496102031
1496102101
394102151
1496102201
696102301
1496102311
1496102421
249
695102451
395102521
696102521
1494102531
696102541
696102601
1496102601
389102611
1494102611
1495102621
1487102641
696102651
1495102701
696102711
1494102711
696102721
1493102721
1494102731
1495102801
694102811
1496102811
1494102821
694102921
694102941
695102951
695103001
795103001
1496103101
696103221
396103251
1495103251
693103301
696103321
695103401
391103451
1496103551
395103601
694103731
1496103741
1496103811
1495104041
688104101
696104141
193104241
194104251
696104321
196104331
1496104351
395104451
396104701
196104741
194104751
394104811
696104931
696105011
695105021
395105031
696105031
396105111
695105121
696105141
394105241
695105241
1496105321
1496105411
392105551
396105611
396105621
396105721
195105731
196105741
696105741
195105751
694105801
396105821
196105841
195105851
196105901
696110051
396110111
1496110111
1496110121
689110211
693110241
1494110251
1493110311
1496110321
1496110351
696110401
1496110401
1495110431
1496110731
1496110751
395110821
395110921
193110931
395111031
1496111031
1492111041
1496111131
1496111151
1493111201
694111231
1496111231
695111251
196111301
696111301
695111321
1496111341
1493111351
1496111401
1496111411
1495111421
1196111431
1494111431
696111501
1492111501
1493111511
395111531
1495111531
1495111601
1496111611
1496111621
1490111631
1492111641
1480111651
395111721
696111731
696111821
1495111831
1496111911
696111931
196111941
1495111951
1496112001
682112141
196112221
194112231
693112231
1496112251
396112411
1496112411
1496112421
696112431
1496112431
1495112441
1496112511
694112521
696112531
696112541
696112611
696112621
695112631
695112641
1494112701
396112741
1496112751
696112801
688112811
396113051
696113101
693113111
196113151
196113221
195113241
196113251
196113301
196113311
196113321
195113331
196113341
195113351
195113401
196113431
1496113431
196113441
1496113441
1496113451
196113541
196113551
196113601
196113611
196113621
196113631
195113641
195113651
196113701
196113711
196113721
196113731
395113731
196113751
396113811
195113841
194113901
194113931
196113941
195113951
196114011
196114021
689114041
195114051
690114051
196114121
196114131
196114141
196114151
693114211
696114401
682114411
693114421
695114511
695114601
695114641
694114651
895114701
1496114931
396115401
695115421
1494115521
896115611
1495115611
1494115621
896115651
1495115721
1495115731
394115741
396115801
691115801
394115811
695115811
696115821
696115831
394115901
390115911
392115921
396115931
696115931
391115941
395115951
248
394120001
696120001
395120011
691120011
1495120031
196120051
396120051
394120101
392120111
396120131
695120151
196120211
694120211
396120231
196120241
196120251
1495120251
196120301
196120311
1496120311
196120321
396120331
396120411
196120421
195120431
196120441
395120441
196120451
396120451
96120611
196120651
196120701
196120711
196120831
195120901
196120941
196121001
196121201
196121601
194121611
195121621
196121631
196121711
196121721
196121731
196121741
196121751
396121841
395121851
395121901
396122041
195122051
396122051
396122111
396122121
196122141
395122151
696122201
394122241
396122301
396122311
394122321
395122331
393122341
393122351
196122411
196122421
696122421
196122441
196122501
196122721
196122731
196122851
194122911
195122921
196122931
390122941
196122951
395122951
195123001
395123001
195123011
390123011
392123021
395123031
195123141
196123151
196123201
395123251
196123321
196123351
391123401
1494123411
396123441
391123451
691123511
1496123551
1496123601
696123641
196123741
696123811
1494123811
195123841
196123901
596123901
596123911
596123931
596123941
595123951
696123951
595124001
595124011
596124041
596124051
596124151
596124201
696124251
696124301
696124321
696124331
696124341
696124351
695124401
696124411
696124421
696124511
696124531
696124551
696124601
696124611
696124621
696124631
696124641
696124651
696124701
696124711
696124721
696124731
696124741
696124751
696124801
696124811
695124821
696124921
696125001
696125021
696125031
696125051
696125111
696125141
696125151
696125201
696125231
696125241
696125301
696125311
696125331
696125401
696125411
696125441
696125451
696125501
696125511
696125531
696125551
696125601
696125721
696125731
696125801
696125811
696125831
696125851
696125951
696130001
696130021
696130041
696130101
696130131
696130141
696130201
696130221
696130311
696130351
696130511
696130601
696130611
696130631
696130721
596130831
696130901
696130911
596131431
596132031
596132131
596132201
596132211
796132741
596132921
596133601
396133721
394133731
392133741
696133751
696133841
696133901
696133931
696133951
596134001
695134121
694134131
696134411
896134831
396134911
896135041
896135551
696135721
693135741
696135751
596135821
696135911
794140221
596140421
596140511
694140631
696140641
394140711
696140711
692140951
683141011
896141141
696141151
896141151
696141221
895141231
696141321
695141331
696141341
696141531
895141811
596141851
247
396142321
896142611
395142621
895143011
394143031
395143041
396143101
396143211
395143221
396143541
396143701
896143831
896144051
395144831
1095144841
396144951
396145041
896145041
396145151
395145351
394145451
1096145531
695145651
896145801
696145821
693145831
895145951
895150001
696150341
696150401
596154321
999999999
999999999
999999999
-1
-1
-1
-1
-1
-1
-1
-1
-1
-1
-1
-1
-1
-1
-1
-1
-1
-1
-1
-1
-1
-1
-1
-1
-1
-1
-1
-1
-1
-1
-1
-1
-1
-1
-1
-1
-1
-1
-1
-1
-1
-1
-1
-1
-1
-1
-1
-1
-1
-1
-1
-1
-1
-1
-1
-1
-1
-1
-1
-1
-1
-1
-1
-1
-1
-1
-1
-1
-1
-1
-1
-1
-1
-1
-1
-1
-1
-1
-1
-1
-1
-1
-1
-1
-1
-1
-1
-1
-1
-1
-1
-1
-1
-1
-1
-1
-1
-1
-1
-1
-1
-1
-1
-1
-1
-1
-1
-1
-1
-1
-1
-1
-1
-1
-1
-1
-1
-1
-1
-1
-1
-1
-1
-1
-1
-1
-1
-1
-1
-1
-1
-1
-1
-1
-1
-1
-1
-1
-1
-1
-1
-1
-1
-1
-1
-1
-1
-1
-1
-1
-1
-1
-1
-1
-1
-1
-1
-1
-1
-1
-1
-1
-1
-1
-1
-1
-1
-1
-1
-1
-1
-1
-1
-1
-1
-1
-1
-1
-1
-1
-1
-1
-1
-1
-1
-1
-1
-1
-1
-1
-1
-1
-1
-1
-1
-1
-1
-1
-1
-1
-1
-1
-1
-1
-1
-1
246
-1
-1
-1
-1
-1
-1
-1
-1
-1
-1
-1
-1
-1
-1
-1
-1
-1
-1
-1
-1
-1
-1
-1
-1
-1
-1
-1
-1
-1
-1
-1
-1
-1
-1
-1
-1
-1
-1
-1
-1
-1
-1
-1
-1
-1
-1
-1
-1
-1
-1
-1
-1
-1
-1
-1
-1
-1
-1
-1
-1
-1
-1
-1
-1
-1
-1
-1
-1
-1
-1
-1
-1
-1
-1
-1
-1
-1
-1
-1
-1
-1
-1
-1
-1
-1
-1
-1
-1
-1
-1
-1
-1
-1
-1
-1
-1
-1
-1
-1
-1
-1
-1
-1
-1
-1
-1
-1
-1
-1
-1
-1
-1
-1
-1
-1
-1
-1
-1
-1
-1
-1
-1
-1
-1
-1
-1
-1
-1
-1
-1
-1
-1
-1
-1
-1
-1
-1
-1
-1
-1
-1
-1
-1
-1
-1
-1
-1
-1
-1
-1
-1
-1
-1
-1
-1
-1
-1
-1
-1
-1
-1
-1
-1
-1
-1
-1
-1
-1
-1
-1
-1
-1
-1
-1
-1
-1
-1
-1
-1
-1
-1
-1
-1
-1
-1
-1
-1
-1
-1
-1
-1
-1
-1
-1
-1
-1
-1
-1
-1
-1
-1
-1
-1
-1
-1
-1
-1
-1
-1
-1
-1
-1
-1
-1
-1
-1
-1
-1
-1
-1
-1
-1
-1
-1
-1
-1
-1
-1
-1
-1
-1
-1
-1
-1
-1
-1
-1
-1
-1
-1
Printed ROM
