Waiting for time...
250
999999999
999999999
999999999
999999999
999999999
95090011
94090021
92090041
96090051
95090101
94090111
96090121
94090131
96090141
93090151
94090201
92090221
93090241
95090251
96090301
95090331
95090341
95090351
92090401
94090411
94090421
92090431
94090441
94090451
94090501
93090521
95090531
96090541
93090551
94090601
94090651
94090701
94090711
90090721
95090731
92090741
95090751
93090801
94090811
93090831
94090901
96091231
96091301
1396091301
96091311
696091321
696091341
696091351
696091411
696091421
96091431
696091441
96091511
95091521
96091551
96091601
96091611
95091721
696091741
395091751
96091801
96091821
396091821
96091831
396091831
395091841
696091841
96091851
95091911
394091911
394091921
394091931
96091941
396091941
96092001
396092011
393092021
392092031
394092101
396092121
696092121
96092131
695092131
394092141
96092151
696092151
96092211
396092221
96092251
96092301
396092311
395092321
696092331
396092341
391092351
696092351
695092401
96092411
396092421
1496092421
695092431
695092441
696092451
691092501
96092511
694092511
96092551
693092611
692092621
896092631
1496092631
1495092641
395092651
696092651
1496092651
695092701
695092711
96092721
396092721
1496092731
96092741
393092741
696092741
395092801
1496092801
96092811
96092821
96092831
1494092841
394092851
1493092851
1496092901
696092911
1495092911
695092921
1495092921
96092931
394092941
894092941
395092951
695093011
384093021
96093041
395093101
96093111
396093121
396093131
696093141
688093231
596093401
1594093401
596093421
96093451
696093451
96093541
96093551
696093551
696093601
394093611
695093611
94093621
396093621
596093621
695093621
694093631
694093641
696093651
695093701
95093711
95093721
696093721
95093731
696093741
695093751
94093801
695093811
696093821
695093831
394093841
691093841
1494093841
690093851
1496093851
691093901
696093911
96093921
696093921
96093931
695093931
95093941
396093941
96093951
94094001
694094001
695094011
96094021
695094021
395094031
695094031
387094041
695094041
394094051
394094101
693094101
389094111
694094111
1496094121
392094131
96094141
696094151
689094201
1496094201
693094211
996094211
96094221
696094221
1486094221
1296094231
1490094231
693094241
996094241
1492094241
694094251
1495094251
695094301
1496094301
696094311
995094311
1489094311
689094321
1494094321
1492094331
1489094341
695094351
984094351
249
1496094351
695094401
995094411
983094421
1496094421
996094431
1495094431
992094441
1495094441
696094451
995094451
1493094451
696094501
1492094501
396094511
692094511
1496094511
696094521
692094551
1195094551
1491094551
695094601
1483094601
695094611
1195094611
1485094611
1471094621
690094631
396094641
687094641
687094651
696094701
1496094701
696094711
693094721
689094731
395094741
690094741
1492094741
694094751
1485094751
696094811
396094831
696094831
396094841
696094841
695094851
696094901
1495094901
1482094911
694094921
1486094921
1483094931
1476094941
396094951
695094951
1487094951
1485095001
694095011
894095011
1478095011
695095021
889095021
1480095021
694095031
1490095031
693095041
1492095041
695095051
1490095051
695095101
687095111
395095121
694095121
394095131
694095131
692095151
693095211
1491095211
689095221
691095231
395095241
690095241
1493095241
694095301
1495095301
690095311
1495095311
695095321
1482095321
1478095331
1476095341
696095351
1483095351
696095401
396095411
1496095411
696095421
1196095421
1484095421
694095431
1489095431
1595095431
694095441
1195095441
1489095441
1596095441
694095451
796095451
1196095451
695095501
1496095501
396095511
691095511
795095511
1489095511
690095521
396095531
692095531
691095541
688095551
688095601
1494095601
1491095611
695095621
1493095621
696095631
1493095631
693095641
1496095641
396095651
696095651
1496095651
1496095701
396095721
396095731
394095741
694095751
1495095841
1496095851
1495095901
396095911
1495095921
1495095931
396100001
394100011
396100101
396100111
396100121
995100121
195100141
996100211
995100221
194100231
996100241
1496100241
396100301
896100311
396100321
196100421
696100431
993100531
986100541
982100551
995100601
1596100601
393100611
1596100611
1596100621
1596100631
996100701
996100741
696100801
193100831
696100841
696100851
995100851
994100901
1596100901
983100911
596100921
988100921
994100931
596100941
994100941
995101001
996101011
596101021
994101021
596101031
995101031
596101051
596101101
696101101
396101111
595101111
196101121
696101121
996101151
596101201
592101211
591101221
595101231
1293101251
596101301
596101311
594101321
594101331
996101341
593101411
596101431
196101451
594101511
596101521
596101531
593101541
696101551
696101601
593101611
695101621
996101621
1596101621
996101631
695101641
696101651
693101701
894101701
696101711
195101731
696101731
996101741
294101831
996101831
296101841
1596101841
296101851
295101901
695101901
994101901
695101911
248
294101931
293101951
696102001
295102021
296102031
196102041
696102041
695102101
592102111
1596102111
191102131
1496102131
296102141
1596102141
295102151
196102221
296102241
296102251
295102301
996102301
292102311
996102311
190102331
295102331
192102341
296102341
994102341
188102351
296102351
996102351
192102401
995102401
1396102401
193102411
295102411
996102411
296102421
996102421
191102431
993102431
188102441
196102451
296102451
195102501
296102511
190102521
296102521
296102531
296102551
194102601
295102601
1396102601
296102611
296102631
296102641
96102651
295102651
296102701
996102701
996102711
294102721
295102741
96102751
295102751
294102801
295102811
1496102811
296102821
196102841
296102841
296102851
391102901
293102911
994102911
296102921
296102931
396102931
989102931
294102941
396102941
992102941
1496102951
296103001
989103001
296103011
1493103011
294103021
989103021
996103031
989103041
988103051
995103101
295103111
991103111
996103121
295103131
594103131
995103131
991103141
993103151
296103201
992103201
296103211
995103211
296103221
992103221
994103231
993103241
989103251
295103301
992103301
995103311
294103321
988103321
1496103321
996103331
996103341
988103351
995103401
996103411
989103441
990103501
1496103501
990103511
1496103511
996103521
1496103521
696103551
295103601
396103621
694103621
695103631
992103631
294103701
989103721
1493103721
594103731
992103731
596103741
996103741
990103751
185103801
996103801
995103811
995103821
996103831
595103851
590103951
295104021
986104021
1493104021
993104031
990104041
296104051
994104051
595104101
596104111
596104131
1494104211
596104251
596104301
196104311
596104331
196104411
594104421
995104421
996104431
992104441
995104451
994104511
991104521
994104531
993104541
995104551
596104601
989104601
596104611
996104611
1496104621
1494104641
595104651
1495104651
595104701
992104701
695104711
990104711
995104721
595104741
995104741
1494104741
596104751
995104751
1494104751
995104801
1492104801
995104811
1493104811
696104821
995104821
1489104821
696104831
996104831
1490104831
996104841
793104851
996104851
1495104851
996104901
1496104901
996104911
1496104911
695104921
996104931
995104941
1494104941
993104951
1496104951
695105001
995105001
996105011
696105021
996105021
596105031
693105031
995105031
596105041
696105041
995105041
596105051
996105051
996105101
591105111
693105111
996105111
596105121
996105121
595105131
996105131
593105141
596105201
247
596105211
996105211
993105231
994105251
1495105301
596105321
596105331
996105341
996105351
995105401
596105411
596105431
1496105431
1496105441
596105451
1496105501
596105521
595105531
592105541
591105551
696105601
596105631
696105631
1496105701
596105721
596105731
1496105731
1496105741
595105921
995105931
995105951
994110001
995110041
1496110051
595110501
1496110541
596110601
1496110601
1496110611
1496110621
194110701
1496110711
596110811
396110951
1496111011
295111041
596111151
295111211
296111311
195111321
196111331
295111341
396111401
1494111411
692111421
293111441
596111451
594111501
596111551
294111611
696111621
296111631
293111701
284111751
696111811
396111821
288111831
696111831
396111841
595111841
395111851
596111851
696111851
281111911
396111921
296112001
592112001
596112021
293112031
695112031
296112041
392112041
695112111
394112121
696112131
696112211
196112301
296112301
495112321
1396112321
396112331
696112331
290112401
296112411
696112451
695112811
695112821
696112901
996112921
196112931
996113011
996113031
995113101
996113131
996113141
796113151
995113151
896113221
994113221
696113241
994113241
995113251
895113301
995113301
696113311
691113321
689113331
688113341
693113351
692113401
696113421
691113431
686113441
688113451
692113501
995113511
294113521
292113531
293113541
291113551
693113551
290113601
291113611
695113611
292113621
696113621
291113631
291113641
294113701
696113701
295113711
692113711
983113711
694113721
293113741
292113751
291113801
595113801
293113811
291113821
292113831
696113831
291113841
696113841
96113851
291113851
96113901
290113901
294113911
293113921
291113931
290113941
291113951
396113951
1496113951
983114021
194114031
994114031
991114041
991114051
993114101
995114111
993114121
96114131
996114131
96114141
292114141
96114151
296114151
196114221
293114401
290114411
295114441
295114451
294114501
294114511
696114631
696114641
195114701
293114731
293114741
292114751
396114811
395114821
294114831
380114851
396114901
295114911
996114951
396115011
286115021
395115021
396115031
596115041
996115051
296115111
995115111
295115131
294115141
595115201
296115211
396115211
691115251
396115331
396115341
394115351
394115401
1596115401
295115411
591115431
1496115441
895115501
282115521
295115531
294115541
895115601
295115631
295115641
295115651
293115701
392115701
291115731
296115741
396115741
296115841
694115851
596115941
695115951
992120111
1495120141
246
996120151
1296120151
296120211
694120211
694120221
693120231
196120311
996120341
196120351
695120421
696120441
393120451
696120451
596120501
1296120501
596120531
696120541
695120551
1296120601
595120621
595120641
996120641
593120651
692120651
96120701
196120701
996120701
996120741
996120751
196120801
996120801
996120811
196120821
996120821
995120831
289120841
1296120851
1293120931
1292120941
1296121001
1296121021
1296121031
1396121031
1294121051
1294121101
1295121111
1295121121
1295121131
594121141
1295121141
1295121151
1295121201
1295121211
196121221
1296121221
196121231
1196121241
1295121301
596121311
596121321
1396121321
1295121411
1295121431
1296121441
1296121501
1595121511
1596121521
1596121531
1595121541
596121551
1596121551
1296121611
1296121631
1295121641
1295121651
696121741
1396121741
1296121831
694121911
693121921
1396121931
696121951
1296122001
1296122011
695122111
696122121
796122121
690122201
693122221
695122231
696122351
596122411
694122421
695122451
596122541
991122551
596122601
696122601
1396122601
696122631
996122641
696122651
889122721
996122721
596122731
594122751
996122751
694122821
688122831
1296123121
294123231
696123251
1296123541
1296123551
1496123551
1486123601
696123621
888123621
995123651
1296123731
896123741
694123751
691123801
996123801
692123811
995123811
692123821
689123831
996123831
689123841
691123851
996123851
696123901
696123921
1496123921
1496123931
596123941
996123951
696124001
696124011
696124021
995124041
996124051
1496124051
96124101
1495124131
596124141
1494124211
94124221
96124311
96124351
96124401
96124441
596124501
96124531
96124541
96124551
595124601
595124711
196124721
96124751
96124801
196124841
196124911
1496124951
595125021
596125041
594125051
696125051
593125121
696125131
696125151
696125201
691125211
694125221
690125231
96125241
689125241
596125251
688125251
688125301
196125311
596125311
690125311
689125321
689125331
689125341
690125351
687125401
96125411
687125411
687125421
96125431
689125431
195125441
693125441
96125451
691125451
196125501
689125501
96125511
691125511
689125521
692125531
693125541
693125551
96125601
694125601
96125611
696125611
96125621
696125621
695125631
696125641
696125651
96125701
696125751
696125911
96125951
96130001
696130001
96130041
696130251
696130301
696130311
696130401
696130411
96130531
396130531
696130621
595130651
696130701
695130711
695130721
96130731
694130731
96130741
696130741
693130751
96130811
245
96130901
596131051
296131101
295131121
96131211
96131231
696131241
296131301
296131311
295131331
96131421
595131511
694131511
596131521
592131531
694131531
288131541
595131541
1396131541
594131551
294131611
693131611
696131621
296131641
295131651
295131701
292131711
594131711
296131721
592131721
595131731
592131741
592131751
594131801
690131831
592131841
596131851
694132001
596132021
595132031
595132041
696132121
696132221
692132231
695132241
96132251
593132301
595132311
96132321
596132321
96132331
596132501
594132521
96132531
96132541
96132551
595132611
96132701
396132741
96132821
96132911
96133021
96133211
96133301
695133331
96133421
695133421
96133431
582133431
696133431
96133441
695133441
584133601
594133611
96133631
596133631
591133641
96133731
696133801
596133811
96133821
591133821
96133831
591133831
96133841
596133841
96133851
592133851
592133901
592133911
696133911
592133921
592133931
96133941
592134031
96134041
696134141
593134201
595134211
596134231
592134241
96134251
582134251
1396134251
596134301
696134301
96134311
596134331
696134331
96134341
596134341
696134341
96134351
694134351
693134401
396134421
595134421
696134421
396134441
696134441
695134501
696134511
295134551
696134601
96134611
96134631
595134631
596134641
594134651
585134701
588134711
296134721
696134741
594134751
96134811
96134821
595134821
296134831
695134831
296134841
696134841
96134851
296134851
96134931
95134941
96135001
96135031
96135101
96135221
696135251
696135321
96135331
696135331
296135351
296135401
695135401
295135411
296135421
96135441
95135451
596135451
591135501
596135511
695135521
96135601
596135611
695135651
695135721
694135731
695135741
96135801
595135801
695135811
695135821
695135911
595135921
691135921
594135931
696135931
593135941
596135951
696135951
596140001
596140011
696140011
593140021
691140021
96140041
591140041
96140051
595140051
585140101
696140101
695140111
96140121
596140121
696140121
596140131
590140141
96140211
596140211
96140221
695140231
686140241
96140251
296140251
685140251
695140301
596140311
96140321
694140321
596140351
395140421
396140431
396140441
394140451
394140501
396140511
295140521
396140521
294140531
393140531
696140541
596140601
696140601
96140611
96140731
296140731
595140731
596140741
296140801
594140841
594140851
96140901
592140901
596140911
596140921
96140931
595140931
594140951
244
596141011
595141031
595141051
596141101
96141111
596141121
96141151
595141201
96141211
596141211
596141221
596141251
696141251
96141301
595141301
596141311
96141321
594141321
594141331
96141341
594141341
595141351
593141401
593141411
594141421
594141431
594141441
594141451
595141501
594141511
595141521
96141531
595141551
596141601
596141611
296141631
596141651
696141721
696141741
96141801
594141801
96141821
296141841
296141851
695141911
96141931
596141931
595142001
96142021
593142021
595142031
596142051
595142101
696142101
96142111
596142121
96142141
592142151
595142201
696142201
596142211
596142221
596142231
96142241
596142251
696142251
596142301
595142341
594142351
693142351
596142401
590142411
589142421
694142441
585142451
696142501
296142521
96142611
296142621
395142621
96142631
96142821
96142931
96143041
896143111
295143131
96143141
291143311
696143311
294143321
295143331
291143351
292143401
292143431
396143441
394143451
291143501
394143501
394143511
291143521
394143521
295143531
96143541
595143601
292143621
596143621
595143701
795143851
796143941
695143951
696144021
796144141
796144151
696144231
696144241
695144311
795144321
695144341
695144351
695144401
696144511
696144521
692144551
796144631
596144651
693144701
696144711
692144721
796144721
595144931
596144941
796144941
595145031
596145051
96145241
596145401
1396145631
1196150011
696150211
696150221
692150311
696150321
1196151031
696151051
96151101
96151121
96151141
696151141
696151241
96151301
96151351
696151351
96151431
96151451
96151601
96151621
96151631
96151641
696151711
96151841
696151941
96152001
96152051
696152151
696152221
696152231
96152251
696152301
696152351
696152441
96152511
696152521
696152531
96152641
96152651
96152711
696152711
696152751
696152801
96152821
96152931
696152931
696152941
96153051
696153121
96153131
95153241
96153251
96153301
96153321
96153451
96153621
95153641
96153841
96153901
96153921
96153931
96153951
96154011
96154111
96154151
96154211
96154251
696154251
96154311
96154321
696154321
96154331
96154351
96154441
96154521
96154711
96154721
96154821
96154841
95154921
96155001
96155011
96155031
96155131
96155211
96155241
96155301
96155311
96155431
96155501
96155541
96155551
96155621
96155641
96155751
96155801
96155831
96155851
96155951
999999999
999999999
-1
-1
-1
243
-1
-1
-1
-1
-1
-1
-1
-1
-1
-1
-1
-1
-1
-1
-1
-1
-1
-1
-1
-1
-1
-1
-1
-1
-1
-1
-1
-1
-1
-1
-1
-1
-1
-1
-1
-1
-1
-1
-1
-1
-1
-1
-1
-1
-1
-1
-1
-1
-1
-1
-1
-1
-1
-1
-1
-1
-1
-1
-1
-1
-1
-1
-1
-1
-1
-1
-1
-1
-1
-1
-1
-1
-1
-1
-1
-1
-1
-1
-1
-1
-1
-1
-1
-1
-1
-1
-1
-1
-1
-1
-1
-1
-1
-1
-1
-1
-1
-1
-1
-1
-1
-1
-1
-1
-1
-1
-1
-1
-1
-1
-1
-1
-1
-1
-1
-1
-1
-1
-1
-1
-1
-1
-1
-1
-1
-1
-1
-1
-1
-1
-1
-1
-1
-1
-1
-1
-1
-1
-1
-1
-1
-1
-1
-1
-1
-1
-1
-1
-1
-1
-1
-1
-1
-1
-1
-1
-1
-1
-1
-1
-1
-1
-1
-1
-1
-1
-1
-1
-1
-1
-1
-1
-1
-1
-1
-1
-1
-1
-1
-1
-1
-1
-1
-1
-1
-1
-1
-1
-1
-1
-1
-1
-1
-1
-1
-1
-1
-1
-1
-1
-1
-1
-1
-1
-1
-1
-1
-1
-1
-1
-1
-1
-1
-1
-1
-1
-1
-1
-1
-1
-1
-1
-1
-1
-1
-1
-1
-1
-1
-1
-1
-1
-1
-1
-1
-1
-1
-1
-1
-1
Printed ROM
Þ