Waiting for serial communication...
250
190090005
297090005
384090005
488090005
595090005
693090005
885090005
984090005
1495090005
190090015
297090015
385090015
488090015
594090015
693090015
885090015
985090015
1190090015
1397090015
190090025
295090025
384090025
489090025
594090025
694090025
797090025
893090025
983090025
1189090025
1396090025
1495090025
189090035
291090035
383090035
492090035
597090035
692090035
897090035
996090035
1194090035
1297090035
1392090035
1494090035
190090045
293090045
383090045
493090045
596090045
694090045
897090045
997090045
1297090045
1392090045
1494090045
190090055
292090055
383090055
493090055
596090055
694090055
897090055
998090055
1298090055
1393090055
1494090055
190090105
293090105
383090105
493090105
597090105
694090105
897090105
998090105
1298090105
1393090105
1494090105
190090115
292090115
383090115
492090115
597090115
694090115
997090115
1298090115
1392090115
1494090115
190090125
292090125
383090125
493090125
596090125
694090125
898090125
996090125
1298090125
1393090125
1494090125
190090135
292090135
383090135
493090135
596090135
694090135
998090135
1298090135
1392090135
1493090135
189090145
293090145
384090145
493090145
596090145
694090145
898090145
998090145
1297090145
1393090145
1493090145
191090155
293090155
383090155
493090155
596090155
694090155
898090155
997090155
1298090155
1393090155
1493090155
190090205
292090205
384090205
493090205
596090205
693090205
897090205
1298090205
1392090205
1494090205
190090215
292090215
383090215
493090215
596090215
694090215
898090215
1297090215
1392090215
1494090215
191090225
292090225
384090225
494090225
597090225
694090225
898090225
997090225
1297090225
1393090225
1493090225
189090235
292090235
383090235
494090235
596090235
694090235
996090235
1298090235
1393090235
1494090235
190090245
291090245
383090245
493090245
596090245
693090245
898090245
995090245
1298090245
1393090245
1493090245
190090255
291090255
383090255
493090255
596090255
693090255
898090255
996090255
1297090255
1393090255
1493090255
189090305
292090305
383090305
493090305
596090305
693090305
898090305
996090305
1297090305
1393090305
1493090305
190090315
291090315
384090315
492090315
597090315
693090315
996090315
1298090315
1394090315
1494090315
190090325
291090325
383090325
493090325
596090325
693090325
898090325
996090325
1298090325
1393090325
1493090325
190090335
291090335
383090335
493090335
597090335
694090335
897090335
996090335
1297090335
1393090335
1493090335
191090345
291090345
383090345
493090345
596090345
249
694090345
897090345
996090345
1193090345
1298090345
1392090345
1493090345
190090355
291090355
383090355
493090355
596090355
694090355
996090355
1298090355
1392090355
1493090355
191090405
291090405
384090405
494090405
597090405
694090405
996090405
1298090405
1393090405
1493090405
190090415
291090415
383090415
493090415
597090415
694090415
898090415
996090415
1298090415
1392090415
1494090415
190090425
291090425
384090425
492090425
597090425
694090425
996090425
1298090425
1392090425
1493090425
190090435
291090435
384090435
493090435
597090435
694090435
995090435
1193090435
1298090435
1393090435
1493090435
190090445
291090445
383090445
493090445
596090445
696090445
898090445
997090445
1197090445
1297090445
1393090445
1493090445
190090455
290090455
383090455
493090455
597090455
695090455
898090455
995090455
1197090455
1298090455
1393090455
1493090455
189090505
290090505
383090505
494090505
596090505
694090505
898090505
996090505
1297090505
1393090505
1492090505
190090515
290090515
383090515
494090515
596090515
694090515
898090515
996090515
1197090515
1298090515
1392090515
1495090515
191090525
290090525
383090525
494090525
596090525
694090525
898090525
996090525
1298090525
1393090525
1493090525
190090535
290090535
384090535
493090535
597090535
694090535
898090535
995090535
1297090535
1393090535
1494090535
190090545
290090545
383090545
494090545
596090545
694090545
898090545
996090545
1298090545
1392090545
1492090545
191090555
290090555
383090555
493090555
596090555
694090555
996090555
1298090555
1392090555
1493090555
190090605
290090605
383090605
494090605
596090605
694090605
898090605
995090605
1297090605
1393090605
1493090605
190090615
290090615
384090615
494090615
597090615
694090615
995090615
1298090615
1393090615
1493090615
190090625
290090625
383090625
493090625
596090625
694090625
898090625
996090625
1297090625
1393090625
1493090625
190090635
290090635
383090635
493090635
597090635
694090635
898090635
996090635
1297090635
1393090635
1493090635
190090645
290090645
383090645
493090645
597090645
694090645
995090645
1298090645
1392090645
1493090645
191090655
290090655
383090655
493090655
597090655
694090655
898090655
995090655
1298090655
1392090655
1493090655
191090705
290090705
383090705
493090705
597090705
694090705
898090705
995090705
1297090705
1392090705
1493090705
190090715
291090715
383090715
493090715
596090715
694090715
898090715
996090715
1297090715
1392090715
1493090715
191090725
290090725
383090725
493090725
597090725
248
694090725
996090725
1298090725
1392090725
1493090725
191090735
290090735
383090735
493090735
597090735
694090735
996090735
1297090735
1392090735
1493090735
191090745
290090745
383090745
493090745
597090745
694090745
898090745
996090745
1298090745
1393090745
1492090745
191090755
290090755
383090755
493090755
597090755
694090755
898090755
996090755
1298090755
1392090755
1493090755
190090805
290090805
383090805
494090805
597090805
694090805
996090805
1298090805
1393090805
1492090805
191090815
291090815
384090815
493090815
596090815
694090815
995090815
1297090815
1392090815
1493090815
190090825
290090825
384090825
493090825
596090825
695090825
995090825
1298090825
1392090825
1493090825
191090835
291090835
383090835
494090835
596090835
694090835
898090835
995090835
1298090835
1393090835
1492090835
190090845
291090845
384090845
493090845
597090845
694090845
898090845
995090845
1298090845
1393090845
1492090845
190090855
291090855
383090855
494090855
596090855
694090855
995090855
1298090855
1393090855
1493090855
191090905
291090905
383090905
493090905
596090905
694090905
898090905
995090905
1297090905
1393090905
1492090905
191090915
290090915
383090915
493090915
596090915
694090915
995090915
1298090915
1393090915
1493090915
191090925
290090925
383090925
494090925
596090925
694090925
898090925
995090925
1298090925
1393090925
1492090925
190090935
290090935
383090935
493090935
596090935
694090935
995090935
1297090935
1393090935
1492090935
190090945
291090945
383090945
493090945
597090945
694090945
898090945
996090945
1298090945
1393090945
1492090945
190090955
290090955
384090955
494090955
597090955
695090955
898090955
996090955
1298090955
1392090955
1493090955
190091005
290091005
384091005
494091005
597091005
695091005
898091005
996091005
1297091005
1393091005
1492091005
191091015
290091015
383091015
493091015
597091015
694091015
898091015
996091015
1298091015
1393091015
1492091015
192091025
290091025
383091025
493091025
597091025
695091025
898091025
996091025
1298091025
1392091025
1492091025
191091035
290091035
383091035
494091035
597091035
694091035
898091035
996091035
1297091035
1393091035
1492091035
191091045
290091045
383091045
494091045
596091045
695091045
898091045
996091045
1297091045
1394091045
1493091045
190091055
290091055
383091055
494091055
596091055
695091055
898091055
995091055
1298091055
1393091055
1493091055
190091105
290091105
383091105
494091105
597091105
695091105
897091105
996091105
1297091105
1392091105
1493091105
247
191091115
290091115
383091115
493091115
597091115
695091115
897091115
996091115
1297091115
1392091115
1492091115
190091125
290091125
383091125
494091125
597091125
695091125
897091125
996091125
1297091125
1393091125
1492091125
191091135
290091135
383091135
494091135
596091135
695091135
898091135
996091135
1297091135
1393091135
1492091135
190091145
290091145
384091145
494091145
597091145
694091145
897091145
996091145
1298091145
1392091145
1492091145
190091155
290091155
383091155
494091155
596091155
695091155
898091155
995091155
1298091155
1393091155
1492091155
190091205
290091205
383091205
494091205
596091205
695091205
898091205
996091205
1298091205
1393091205
1493091205
190091215
290091215
383091215
494091215
596091215
695091215
897091215
996091215
1298091215
1393091215
1492091215
190091225
290091225
383091225
493091225
596091225
695091225
897091225
995091225
1297091225
1393091225
1493091225
191091235
290091235
383091235
493091235
596091235
695091235
898091235
995091235
1297091235
1393091235
1492091235
190091245
290091245
384091245
494091245
596091245
695091245
898091245
996091245
1297091245
1392091245
1493091245
190091255
291091255
383091255
494091255
597091255
695091255
897091255
996091255
1297091255
1393091255
1492091255
190091305
290091305
384091305
494091305
597091305
695091305
897091305
996091305
1297091305
1393091305
1493091305
190091315
290091315
384091315
493091315
597091315
695091315
898091315
996091315
1298091315
1392091315
1493091315
190091325
290091325
382091325
493091325
597091325
695091325
898091325
996091325
1298091325
1392091325
1492091325
190091335
290091335
383091335
494091335
597091335
695091335
898091335
995091335
1297091335
1392091335
1492091335
190091345
290091345
383091345
494091345
597091345
695091345
897091345
995091345
1298091345
1392091345
1492091345
190091355
290091355
384091355
494091355
597091355
695091355
898091355
996091355
1297091355
1392091355
1492091355
190091405
289091405
383091405
494091405
596091405
695091405
897091405
996091405
1298091405
1393091405
1492091405
190091415
290091415
383091415
494091415
597091415
695091415
898091415
996091415
1298091415
1393091415
1493091415
190091425
290091425
383091425
493091425
597091425
695091425
897091425
996091425
1298091425
1392091425
1492091425
190091435
289091435
384091435
494091435
597091435
695091435
898091435
996091435
1297091435
1393091435
1493091435
191091445
290091445
383091445
493091445
596091445
695091445
897091445
996091445
1297091445
246
1392091445
1492091445
190091455
291091455
384091455
493091455
597091455
695091455
897091455
996091455
1298091455
1392091455
1492091455
190091505
290091505
383091505
493091505
597091505
695091505
897091505
996091505
1298091505
1393091505
1492091505
190091515
290091515
384091515
494091515
597091515
695091515
897091515
996091515
1298091515
1392091515
1493091515
190091525
290091525
383091525
495091525
597091525
695091525
897091525
996091525
1298091525
1393091525
1493091525
191091535
290091535
383091535
494091535
597091535
695091535
897091535
996091535
1298091535
1392091535
1492091535
190091545
290091545
384091545
494091545
597091545
695091545
897091545
996091545
1297091545
1393091545
1493091545
191091555
289091555
383091555
494091555
597091555
695091555
897091555
996091555
1297091555
1392091555
1493091555
191091605
291091605
384091605
494091605
597091605
695091605
897091605
996091605
1298091605
1393091605
1493091605
191091615
290091615
383091615
494091615
597091615
695091615
897091615
995091615
1298091615
1393091615
1493091615
190091625
290091625
383091625
494091625
597091625
695091625
897091625
995091625
1297091625
1392091625
1492091625
190091635
290091635
384091635
494091635
597091635
695091635
897091635
996091635
1297091635
1393091635
1492091635
190091645
291091645
383091645
493091645
597091645
695091645
898091645
995091645
1298091645
1392091645
1493091645
190091655
289091655
383091655
494091655
597091655
695091655
897091655
996091655
1298091655
1393091655
1493091655
190091705
290091705
384091705
494091705
597091705
695091705
897091705
996091705
1297091705
1392091705
1492091705
191091715
290091715
383091715
494091715
597091715
695091715
897091715
996091715
1297091715
1394091715
1493091715
191091725
290091725
384091725
494091725
596091725
696091725
898091725
996091725
1298091725
1393091725
1492091725
190091735
290091735
384091735
494091735
597091735
695091735
897091735
996091735
1298091735
1393091735
1492091735
191091745
290091745
384091745
494091745
596091745
695091745
897091745
996091745
1298091745
1392091745
1492091745
190091755
290091755
383091755
494091755
597091755
695091755
897091755
996091755
1298091755
1392091755
1492091755
190091805
291091805
384091805
494091805
597091805
695091805
897091805
996091805
1298091805
1392091805
1492091805
191091815
290091815
383091815
494091815
596091815
696091815
897091815
996091815
1297091815
1393091815
1492091815
191091825
289091825
383091825
493091825
597091825
695091825
896091825
245
995091825
1298091825
1393091825
1493091825
190091835
290091835
384091835
494091835
597091835
696091835
897091835
995091835
1298091835
1392091835
1493091835
189091845
290091845
383091845
494091845
597091845
695091845
896091845
995091845
1192091845
1298091845
1392091845
1493091845
190091855
290091855
383091855
494091855
597091855
695091855
897091855
995091855
1192091855
1297091855
1393091855
1493091855
190091905
290091905
384091905
494091905
597091905
696091905
897091905
993091905
1193091905
1297091905
1392091905
1491091905
190091915
292091915
384091915
494091915
597091915
695091915
896091915
994091915
1298091915
1394091915
1492091915
189091925
291091925
383091925
494091925
596091925
696091925
895091925
994091925
1298091925
1395091925
1492091925
190091935
291091935
384091935
494091935
596091935
696091935
897091935
994091935
1298091935
1392091935
1492091935
190091945
291091945
383091945
495091945
596091945
695091945
897091945
996091945
1297091945
1393091945
1492091945
190091955
292091955
383091955
494091955
597091955
695091955
895091955
993091955
1297091955
1392091955
1494091955
190092005
290092005
383092005
494092005
597092005
696092005
896092005
993092005
1197092005
1297092005
1392092005
1492092005
190092015
289092015
383092015
494092015
597092015
695092015
897092015
994092015
1298092015
1392092015
1493092015
190092025
289092025
384092025
495092025
597092025
695092025
897092025
994092025
1298092025
1394092025
1492092025
190092035
290092035
384092035
495092035
597092035
694092035
893092035
994092035
1297092035
1394092035
1493092035
190092045
290092045
383092045
494092045
597092045
694092045
897092045
994092045
1297092045
1394092045
1492092045
190092055
289092055
384092055
493092055
597092055
694092055
897092055
995092055
1297092055
1392092055
1492092055
191092105
290092105
383092105
494092105
597092105
694092105
896092105
995092105
1298092105
1391092105
1491092105
191092115
290092115
383092115
495092115
597092115
695092115
894092115
995092115
1297092115
1392092115
1492092115
190092125
290092125
383092125
494092125
596092125
695092125
894092125
995092125
1297092125
1393092125
1491092125
191092135
290092135
384092135
495092135
597092135
695092135
895092135
993092135
1297092135
1392092135
1492092135
189092145
290092145
384092145
494092145
595092145
695092145
892092145
995092145
1297092145
1394092145
1491092145
190092155
291092155
384092155
494092155
597092155
694092155
893092155
994092155
1297092155
1392092155
1493092155
191092205
244
291092205
385092205
495092205
596092205
696092205
894092205
994092205
1297092205
1390092205
1493092205
188092215
290092215
384092215
496092215
597092215
695092215
892092215
994092215
1297092215
1390092215
1492092215
190092225
290092225
384092225
495092225
597092225
695092225
893092225
993092225
1297092225
1392092225
1493092225
189092235
290092235
384092235
495092235
596092235
695092235
893092235
994092235
1298092235
1392092235
1494092235
191092245
290092245
384092245
495092245
596092245
696092245
891092245
992092245
1298092245
1391092245
1493092245
191092255
293092255
384092255
496092255
596092255
694092255
891092255
993092255
1298092255
1391092255
1494092255
192092305
290092305
384092305
496092305
595092305
695092305
891092305
992092305
1298092305
1390092305
1493092305
192092315
292092315
384092315
496092315
596092315
891092315
993092315
1298092315
1391092315
1493092315
191092325
291092325
384092325
495092325
596092325
698092325
891092325
995092325
1297092325
1391092325
1493092325
191092335
294092335
384092335
495092335
595092335
697092335
892092335
993092335
1297092335
1391092335
1493092335
190092345
291092345
384092345
494092345
596092345
696092345
893092345
994092345
1297092345
1390092345
1493092345
189092355
292092355
384092355
495092355
596092355
695092355
892092355
991092355
1297092355
1392092355
1493092355
190092405
292092405
384092405
495092405
596092405
695092405
891092405
991092405
1297092405
1391092405
1494092405
190092415
290092415
382092415
495092415
594092415
696092415
891092415
993092415
1298092415
1393092415
1494092415
190092425
292092425
383092425
495092425
595092425
695092425
892092425
993092425
1297092425
1392092425
1494092425
190092435
290092435
384092435
494092435
596092435
697092435
896092435
994092435
1197092435
1298092435
1392092435
1493092435
189092445
290092445
383092445
494092445
596092445
696092445
894092445
992092445
1298092445
1392092445
1492092445
189092455
289092455
383092455
494092455
596092455
696092455
895092455
993092455
1197092455
1393092455
1492092455
190092505
286092505
383092505
494092505
596092505
697092505
893092505
991092505
1196092505
1394092505
1496092505
190092515
288092515
382092515
494092515
596092515
698092515
896092515
992092515
1392092515
190092525
289092525
383092525
492092525
596092525
895092525
992092525
1392092525
192092535
289092535
383092535
494092535
595092535
697092535
894092535
993092535
1392092535
191092545
290092545
383092545
495092545
595092545
697092545
243
896092545
992092545
1196092545
1393092545
191092555
289092555
382092555
495092555
595092555
697092555
896092555
993092555
1196092555
1392092555
191092605
290092605
382092605
494092605
596092605
697092605
897092605
993092605
1195092605
1393092605
193092615
288092615
382092615
494092615
595092615
895092615
993092615
1197092615
1392092615
191092625
289092625
382092625
494092625
596092625
696092625
896092625
992092625
1197092625
1392092625
191092635
289092635
382092635
493092635
596092635
695092635
898092635
992092635
1197092635
1392092635
192092645
288092645
383092645
493092645
596092645
697092645
896092645
992092645
1196092645
1392092645
192092655
290092655
382092655
494092655
597092655
896092655
993092655
1197092655
1392092655
192092705
290092705
381092705
494092705
596092705
692092705
895092705
991092705
1195092705
1391092705
193092715
290092715
382092715
494092715
596092715
692092715
897092715
996092715
1195092715
1391092715
190092725
291092725
382092725
495092725
598092725
693092725
895092725
995092725
1195092725
1392092725
192092735
292092735
382092735
494092735
597092735
896092735
997092735
1196092735
1391092735
192092745
292092745
383092745
494092745
596092745
695092745
890092745
996092745
1195092745
1391092745
191092755
292092755
382092755
493092755
595092755
697092755
889092755
994092755
1197092755
1392092755
190092805
290092805
382092805
494092805
595092805
997092805
1197092805
1392092805
189092815
291092815
382092815
494092815
595092815
994092815
1197092815
1394092815
189092825
290092825
382092825
496092825
596092825
892092825
991092825
1197092825
1395092825
189092835
290092835
383092835
495092835
596092835
698092835
990092835
1197092835
1395092835
189092845
291092845
383092845
596092845
695092845
990092845
1195092845
1395092845
189092855
291092855
382092855
596092855
988092855
1194092855
1395092855
190092905
292092905
383092905
594092905
988092905
1194092905
1292092905
1396092905
190092915
292092915
383092915
595092915
987092915
1196092915
1395092915
190092925
290092925
383092925
595092925
988092925
1195092925
1395092925
188092935
290092935
382092935
597092935
989092935
1195092935
1394092935
189092945
292092945
382092945
596092945
989092945
1195092945
1395092945
190092955
292092955
383092955
596092955
990092955
1396092955
191093005
291093005
384093005
596093005
989093005
1394093005
190093015
292093015
383093015
595093015
990093015
1395093015
190093025
290093025
383093025
597093025
991093025
1396093025
242
189093035
291093035
382093035
597093035
990093035
1395093035
189093045
292093045
381093045
597093045
990093045
1394093045
189093055
291093055
383093055
597093055
990093055
1196093055
1395093055
189093105
292093105
383093105
597093105
991093105
1194093105
1391093105
189093115
292093115
383093115
597093115
990093115
1198093115
1393093115
189093125
292093125
382093125
597093125
990093125
1198093125
1392093125
190093135
293093135
383093135
597093135
990093135
1391093135
190093145
292093145
383093145
597093145
988093145
1391093145
190093155
292093155
383093155
597093155
988093155
1391093155
190093205
293093205
383093205
598093205
991093205
1391093205
190093215
292093215
384093215
597093215
988093215
1195093215
1391093215
190093225
292093225
383093225
597093225
989093225
1190093225
1390093225
190093235
292093235
384093235
597093235
988093235
1198093235
1391093235
191093245
292093245
383093245
596093245
988093245
1196093245
1391093245
191093255
292093255
382093255
596093255
990093255
1391093255
190093305
292093305
383093305
597093305
990093305
1391093305
188093315
292093315
382093315
596093315
991093315
1391093315
189093325
291093325
382093325
597093325
696093325
990093325
1392093325
190093335
291093335
383093335
597093335
991093335
1392093335
190093345
291093345
382093345
597093345
990093345
1391093345
189093355
291093355
382093355
596093355
990093355
1391093355
190093405
291093405
382093405
596093405
991093405
1193093405
1391093405
189093415
291093415
383093415
597093415
990093415
1190093415
1391093415
189093425
291093425
383093425
597093425
990093425
1391093425
189093435
291093435
382093435
597093435
897093435
992093435
1391093435
189093445
291093445
383093445
597093445
895093445
990093445
1392093445
190093455
289093455
382093455
597093455
898093455
990093455
1391093455
190093505
290093505
382093505
597093505
898093505
991093505
1391093505
190093515
289093515
383093515
596093515
891093515
990093515
1392093515
189093525
290093525
382093525
597093525
891093525
989093525
1391093525
189093535
289093535
396093535
894093535
994093535
1391093535
189093545
289093545
597093545
897093545
996093545
1193093545
1391093545
188093555
290093555
598093555
897093555
996093555
1196093555
1390093555
189093605
290093605
396093605
597093605
1391093605
189093615
289093615
698093615
1391093615
189093625
289093625
1390093625
189093635
289093635
1390093635
189093645
289093645
1392093645
188093655
290093655
691093655
996093655
1390093655
241
189093705
289093705
995093705
1390093705
189093715
288093715
597093715
1390093715
188093725
290093725
998093725
1389093725
188093735
289093735
597093735
1198093735
1389093735
189093745
289093745
597093745
695093745
1391093745
188093755
290093755
597093755
1391093755
189093805
289093805
597093805
697093805
1390093805
189093815
289093815
596093815
693093815
1391093815
189093825
289093825
597093825
695093825
896093825
1391093825
189093835
289093835
393093835
597093835
891093835
1197093835
1390093835
189093845
289093845
597093845
895093845
1195093845
1391093845
189093855
297093855
596093855
1195093855
1391093855
189093905
597093905
1391093905
189093915
597093915
1391093915
189093925
298093925
597093925
1390093925
190093935
595093935
1392093935
190093945
595093945
1196093945
1390093945
189093955
594093955
1390093955
191094005
596094005
1391094005
190094015
292094015
596094015
1392094015
190094025
596094025
1391094025
190094035
596094035
1195094035
1391094035
189094045
597094045
1191094045
1392094045
190094055
597094055
1196094055
1392094055
190094105
597094105
1391094105
189094115
597094115
1391094115
190094125
597094125
1392094125
190094135
597094135
1392094135
190094145
597094145
1391094145
190094155
597094155
697094155
1391094155
189094205
597094205
1393094205
195094215
597094215
1388094215
1389094225
1389094235
1390094245
294094255
1389094255
1388094305
698094315
1388094315
598094325
1196094325
1389094325
1389094335
598094345
1389094345
598094355
1390094355
597094405
1193094405
1390094405
596094415
1390094415
197094425
598094425
1196094425
1389094425
192094435
1186094435
1389094435
1390094445
1389094455
1390094505
1390094515
1390094525
489094535
1389094535
1390094545
1390094555
1390094605
1390094615
1391094625
1390094635
597094645
1391094645
598094655
1391094655
597094705
1391094705
1390094715
196094725
1390094725
597094735
1391094735
597094745
1390094745
597094755
1390094755
598094805
1390094805
597094815
1390094815
598094825
1391094825
597094835
1392094835
597094845
1391094845
597094855
1391094855
598094905
1392094905
597094915
1391094915
597094925
1390094925
598094935
1390094935
598094945
1390094945
597094955
1391094955
597095005
1390095005
497095015
598095015
1391095015
598095025
898095025
1391095025
597095035
1390095035
598095045
1391095045
598095055
1392095055
597095105
1390095105
597095115
1392095115
597095125
1391095125
494095135
598095135
1391095135
498095145
598095145
1391095145
597095155
1391095155
492095205
597095205
1391095205
598095215
1391095215
240
598095225
1391095225
597095235
1390095235
597095245
1390095245
597095255
1391095255
597095305
1391095305
597095315
1391095315
597095325
1390095325
598095335
1390095335
597095345
1390095345
597095355
1391095355
597095405
1390095405
297095415
597095415
1390095415
597095425
1390095425
597095435
1390095435
597095445
1390095445
597095455
1390095455
597095505
1391095505
597095515
1390095515
597095525
1390095525
597095535
1390095535
598095545
1391095545
597095555
1391095555
597095605
698095605
1390095605
597095615
1390095615
597095625
1391095625
598095635
1392095635
598095645
1391095645
598095655
1392095655
597095705
1392095705
598095715
1390095715
597095725
1391095725
597095735
1391095735
597095745
1391095745
598095755
1391095755
598095805
1391095805
597095815
1390095815
597095825
1391095825
598095835
1391095835
598095845
1391095845
597095855
1390095855
598095905
1391095905
597095915
1391095915
598095925
1390095925
598095935
1391095935
598095945
1390095945
598095955
1390095955
597100005
1390100005
597100015
1390100015
597100025
1390100025
597100035
1390100035
598100045
1390100045
597100055
1389100055
598100105
1391100105
598100115
1390100115
597100125
1390100125
597100135
1390100135
598100145
1389100145
597100155
1198100155
1391100155
597100205
1390100205
597100215
1389100215
598100225
1390100225
598100235
1390100235
598100245
1390100245
597100255
1390100255
598100305
1390100305
598100315
1390100315
598100325
1390100325
598100335
1197100335
1390100335
598100345
1390100345
598100355
1390100355
598100405
1390100405
598100415
1390100415
598100425
1390100425
598100435
1390100435
598100445
1390100445
598100455
1390100455
598100505
1390100505
598100515
1390100515
598100525
1390100525
598100535
1390100535
598100545
1390100545
598100555
1391100555
598100605
1390100605
598100615
1391100615
598100625
1390100625
598100635
1390100635
598100645
1390100645
598100655
1390100655
598100705
1390100705
598100715
1390100715
598100725
1391100725
598100735
1390100735
598100745
1390100745
598100755
1390100755
598100805
1390100805
598100815
1390100815
598100825
1391100825
598100835
1390100835
598100845
1390100845
598100855
1390100855
598100905
1390100905
598100915
1390100915
598100925
1390100925
598100935
1389100935
598100945
1390100945
598100955
1390100955
598101005
1390101005
598101015
1390101015
598101025
1390101025
598101035
1390101035
598101045
1389101045
598101055
1391101055
598101105
1389101105
598101115
1390101115
598101125
1390101125
598101135
1390101135
598101145
1390101145
598101155
1390101155
239
597101205
1390101205
598101215
1390101215
597101225
1390101225
598101235
1390101235
598101245
1390101245
598101255
1390101255
598101305
1389101305
598101315
1390101315
598101325
1389101325
598101335
1390101335
598101345
1390101345
598101355
1389101355
597101405
698101405
1390101405
598101415
1389101415
598101425
1390101425
598101435
1391101435
598101445
1390101445
598101455
1391101455
598101505
1390101505
598101515
1390101515
598101525
1391101525
598101535
1390101535
598101545
1390101545
598101555
1390101555
597101605
1389101605
597101615
1390101615
598101625
1390101625
598101635
698101635
1391101635
598101645
1390101645
597101655
1390101655
597101705
1390101705
598101715
1390101715
598101725
1390101725
598101735
1390101735
597101745
1389101745
597101755
1391101755
597101805
1390101805
597101815
1389101815
597101825
1390101825
597101835
1390101835
597101845
1198101845
1391101845
598101855
1390101855
598101905
1389101905
597101915
1390101915
598101925
1390101925
597101935
1390101935
598101945
1390101945
598101955
1390101955
598102005
1390102005
597102015
1389102015
598102025
1390102025
598102035
1390102035
598102045
1197102045
1390102045
598102055
1390102055
598102105
1390102105
598102115
1390102115
597102125
1390102125
598102135
1390102135
598102145
1390102145
598102155
1390102155
597102205
1390102205
1197102215
1391102215
598102225
1390102225
598102235
1390102235
598102245
1390102245
1390102255
598102305
1390102305
598102315
1390102315
598102325
1390102325
598102335
1389102335
598102345
1390102345
597102355
1390102355
598102405
1390102405
598102415
1390102415
598102425
1391102425
597102435
1389102435
598102445
1390102445
598102455
1096102455
1390102455
597102505
1391102505
597102515
1389102515
1390102525
598102535
1390102535
198102545
598102545
1390102545
598102555
693102555
1390102555
598102605
1390102605
598102615
1391102615
598102625
1390102625
598102635
1390102635
598102645
1390102645
298102655
598102655
1390102655
598102705
698102705
1390102705
598102715
1390102715
598102725
1391102725
598102735
1390102735
598102745
698102745
1390102745
598102755
698102755
1390102755
597102805
1390102805
597102815
697102815
1391102815
597102825
698102825
1390102825
598102835
698102835
1391102835
597102845
1391102845
597102855
694102855
1392102855
597102905
695102905
1394102905
596102915
696102915
1393102915
597102925
697102925
1397102925
597102935
597102945
597102955
597103005
698103005
198103015
597103015
597103025
597103035
597103045
597103055
597103105
697103105
297103115
238
597103115
1397103115
597103125
1397103125
597103135
697103135
1197103135
1397103135
193103145
597103145
1195103145
196103155
597103155
696103155
597103205
597103215
597103225
597103235
597103245
597103255
596103305
597103315
596103325
596103335
597103345
597103355
596103405
596103415
596103425
596103435
596103445
596103455
894103455
596103505
896103505
596103515
596103525
596103535
596103545
898103545
596103555
596103605
596103615
596103625
596103635
596103645
596103655
596103705
596103715
596103725
596103735
596103745
596103755
596103805
596103815
596103825
596103835
596103845
596103855
1496103855
596103905
1497103905
596103915
596103925
596103935
596103945
597103955
596104005
597104015
596104025
597104035
597104045
597104055
597104105
597104115
597104125
597104135
597104145
597104155
597104205
597104215
597104225
597104235
597104245
597104255
597104305
597104315
597104325
597104335
597104345
597104355
597104405
597104415
597104425
597104435
597104445
597104455
597104505
597104515
597104525
597104535
597104545
597104555
597104605
597104615
597104625
597104635
597104645
597104655
597104705
597104715
597104725
597104735
597104745
597104755
898104755
597104805
597104815
597104825
597104835
597104845
597104855
597104905
597104915
597104925
597104935
597104945
597104955
597105005
597105015
597105025
597105035
597105045
597105055
597105105
597105115
196105125
597105125
190105135
597105135
198105145
597105145
197105155
597105155
197105205
596105205
898105205
197105215
596105215
596105225
198105235
596105235
897105235
596105245
596105255
596105305
596105315
597105325
597105335
597105345
596105355
898105355
596105405
596105415
596105425
596105435
596105445
596105455
596105505
596105515
596105525
596105535
596105545
596105555
596105605
596105615
596105625
596105635
596105645
596105655
596105705
597105715
596105725
498105735
597105735
597105745
597105755
597105805
597105815
597105825
597105835
597105845
597105855
696105855
597105905
692105905
597105915
694105915
597105925
597105935
696105935
597105945
597105955
597110005
597110015
597110025
597110035
597110045
698110045
597110055
893110055
597110105
1398110105
597110115
597110125
597110135
698110135
1396110135
598110145
897110145
597110155
597110205
597110215
597110225
896110225
597110235
597110245
597110255
597110305
597110315
893110315
195110325
597110325
597110335
198110345
597110345
197110355
597110355
597110405
597110415
237
197110425
597110425
597110435
197110445
597110445
597110455
597110505
597110515
1095110515
597110525
597110535
597110545
698110545
597110555
892110555
597110605
896110605
597110615
897110615
597110625
897110625
597110635
597110645
898110645
597110655
597110705
898110705
597110715
896110715
498110725
597110725
898110725
597110735
898110735
597110745
894110745
597110755
897110755
597110805
896110805
597110815
897110815
597110825
597110835
597110845
597110855
597110905
898110905
597110915
897110915
597110925
898110925
597110935
597110945
597110955
597111005
597111015
597111025
597111035
597111045
597111055
597111105
597111115
597111125
597111135
597111145
597111155
597111205
597111215
597111225
597111235
597111245
597111255
597111305
597111315
597111325
597111335
597111345
597111355
597111405
597111415
597111425
597111435
597111445
597111455
597111505
691111505
1392111505
597111515
697111515
1395111515
597111525
1398111525
597111535
597111545
597111555
597111605
597111615
597111625
597111635
597111645
597111655
597111705
597111715
597111725
597111735
695111735
1395111735
597111745
597111755
597111805
597111815
598111825
597111835
597111845
197111855
597111855
597111905
197111915
597111915
597111925
597111935
597111945
597111955
597112005
597112015
597112025
597112035
597112045
597112055
597112105
597112115
598112125
597112135
598112145
597112155
597112205
597112215
597112225
597112235
597112245
597112255
598112305
598112315
597112325
597112335
597112345
597112355
597112405
1397112405
597112415
597112425
597112435
597112445
597112455
597112505
1398112505
597112515
597112525
597112535
597112545
597112555
597112605
597112615
597112625
597112635
597112645
597112655
696112655
597112705
696112705
597112715
695112715
597112725
693112725
597112735
693112735
597112745
693112745
597112755
692112755
597112805
690112805
597112815
597112825
597112835
597112845
597112855
696112855
597112905
597112915
597112925
597112935
697112935
597112945
697112945
597112955
698112955
597113005
597113015
697113015
597113025
597113035
597113045
597113055
597113105
597113115
597113125
597113135
597113145
597113155
597113205
597113215
597113225
298113235
597113235
597113245
295113255
597113255
298113305
597113305
597113315
597113325
597113335
597113345
1397113345
298113355
597113355
298113405
597113405
597113415
597113425
597113435
296113445
597113445
298113455
597113455
296113505
597113505
295113515
236
597113515
296113525
597113525
296113535
597113535
296113545
597113545
298113555
597113555
597113605
597113615
597113625
597113635
597113645
597113655
597113705
696113705
597113715
696113715
597113725
698113725
597113735
698113735
597113745
696113745
597113755
597113805
697113805
598113815
597113825
597113835
697113835
597113845
597113855
597113905
597113915
597113925
597113935
298113945
597113945
298113955
597113955
597114005
597114015
597114025
597114035
597114045
597114055
597114105
597114115
597114125
597114135
597114145
597114155
697114155
597114205
597114215
597114225
597114235
597114245
597114255
597114305
1398114305
597114315
597114325
597114335
597114345
597114355
597114405
597114415
597114425
597114435
597114445
597114455
597114505
597114515
597114525
597114535
597114545
597114555
597114605
597114615
597114625
597114635
597114645
597114655
597114705
597114715
597114725
597114735
597114745
597114755
597114805
597114815
597114825
498114835
597114835
597114845
597114855
597114905
597114915
597114925
597114935
597114945
597114955
597115005
597115015
597115025
597115035
597115045
597115055
597115105
597115115
597115125
597115135
597115145
597115155
597115205
597115215
597115225
597115235
597115245
597115255
597115305
597115315
597115325
1398115325
597115335
597115345
698115345
597115355
597115405
597115415
597115425
1398115425
597115435
1398115435
597115445
597115455
698115455
597115505
597115515
597115525
1395115525
597115535
597115545
597115555
597115605
597115615
597115625
597115635
597115645
597115655
597115705
597115715
597115725
597115735
597115745
597115755
597115805
597115815
597115825
597115835
698115835
597115845
597115855
597115905
597115915
1398115915
597115925
597115935
597115945
597115955
597120005
597120015
597120025
597120035
597120045
597120055
597120105
597120115
597120125
597120135
597120145
597120155
597120205
597120215
597120225
597120235
597120245
597120255
597120305
597120315
1397120315
597120325
597120335
597120345
597120355
597120405
597120415
597120425
596120435
1394120435
596120445
596120455
596120505
596120515
596120525
596120535
596120545
596120555
596120605
596120615
596120625
693120625
898120625
597120635
495120645
597120645
597120655
597120705
597120715
597120725
597120735
597120745
597120755
597120805
597120815
597120825
597120835
597120845
597120855
597120905
597120915
1097120915
597120925
798120925
597120935
1097120935
597120945
235
1097120945
597120955
597121005
597121015
597121025
597121035
597121045
597121055
597121105
597121115
597121125
597121135
597121145
598121155
598121205
597121215
597121225
597121235
598121245
597121255
597121305
597121315
598121325
598121335
598121345
598121355
598121405
598121415
597121425
597121435
598121445
598121455
897121455
597121505
898121505
598121515
597121525
598121535
598121545
598121555
597121605
597121615
597121625
597121635
597121645
598121655
597121705
597121715
597121725
498121735
597121735
598121745
597121755
597121805
597121815
597121825
597121835
1398121835
597121845
597121855
597121905
597121915
597121925
597121935
597121945
597121955
597122005
597122015
597122025
597122035
597122045
597122055
597122105
597122115
597122125
597122135
597122145
597122155
597122205
597122215
597122225
497122235
597122235
597122245
597122255
597122305
597122315
597122325
597122335
597122345
597122355
597122405
597122415
597122425
597122435
598122445
498122455
597122455
597122505
597122515
597122525
597122535
597122545
597122555
598122605
597122615
597122625
597122635
597122645
598122655
598122705
598122715
597122725
597122735
598122745
598122755
897122755
498122805
597122805
498122815
598122815
598122825
498122835
597122835
698122835
498122845
597122845
693122845
597122855
693122855
597122905
597122915
597122925
1395122925
498122935
598122935
598122945
498122955
598122955
598123005
598123015
598123025
598123035
693123035
598123045
696123045
597123055
598123105
598123115
598123125
897123125
598123135
598123145
498123155
598123155
598123205
898123205
598123215
598123225
598123235
598123245
598123255
498123305
598123305
598123315
598123325
598123335
598123345
1396123345
498123355
597123355
1096123355
1398123355
597123405
1394123405
598123415
598123425
498123435
597123435
1393123435
498123445
597123445
1394123445
498123455
593123455
1394123455
594123505
594123515
1398123515
593123525
593123535
593123545
593123555
593123605
194123615
593123615
1397123615
594123625
593123635
594123645
498123655
593123655
593123705
594123715
498123725
593123725
593123735
594123745
498123755
594123755
498123805
593123805
593123815
498123825
594123825
593123835
498123845
594123845
892123845
498123855
594123855
888123855
498123905
593123905
498123915
593123915
594123925
498123935
593123935
498123945
594123945
594123955
594124005
594124015
498124025
594124025
498124035
594124035
498124045
593124045
234
498124055
593124055
498124105
593124105
498124115
593124115
593124125
498124135
594124135
498124145
594124145
593124155
593124205
593124215
593124225
594124235
498124245
593124245
498124255
593124255
594124305
594124315
594124325
498124335
594124335
594124345
594124355
594124405
594124415
594124425
594124435
594124445
593124455
594124505
594124515
594124525
594124535
594124545
594124555
594124605
498124615
593124615
498124625
594124625
593124635
498124645
594124645
594124655
498124705
594124705
593124715
594124725
593124735
593124745
594124755
498124805
594124805
498124815
594124815
498124825
594124825
594124835
593124845
594124855
594124905
498124915
594124915
498124925
594124925
698124925
594124935
594124945
594124955
697124955
594125005
698125005
594125015
698125015
594125025
594125035
594125045
594125055
498125105
594125105
498125115
594125115
594125125
594125135
498125145
594125145
594125155
498125205
594125205
594125215
594125225
593125235
498125245
594125245
594125255
498125305
594125305
498125315
594125315
594125325
698125325
498125335
594125335
594125345
898125345
498125355
594125355
898125355
594125405
594125415
594125425
594125435
498125445
594125445
498125455
594125455
498125505
594125505
594125515
594125525
498125535
593125535
593125545
498125555
593125555
594125605
498125615
594125615
594125625
594125635
594125645
498125655
594125655
498125705
593125705
594125715
594125725
498125735
594125735
594125745
594125755
594125805
594125815
593125825
593125835
593125845
498125855
594125855
498125905
593125905
498125915
593125915
594125925
593125935
594125945
498125955
593125955
593130005
593130015
898130015
593130025
593130035
593130045
594130055
594130105
594130115
594130125
594130135
594130145
594130155
594130205
594130215
594130225
594130235
498130245
593130245
1094130245
593130255
593130305
593130315
593130325
593130335
593130345
897130345
594130355
898130355
594130405
593130415
593130425
593130435
898130435
594130445
498130455
595130455
1391130455
594130505
1391130505
498130515
595130515
1391130515
595130525
1391130525
595130535
1392130535
595130545
1392130545
498130555
595130555
1391130555
595130605
1391130605
595130615
1391130615
595130625
1391130625
595130635
1391130635
498130645
595130645
1391130645
595130655
1391130655
595130705
1391130705
1491130705
594130715
1391130715
1491130715
595130725
1391130725
1491130725
595130735
1391130735
1491130735
594130745
1391130745
233
1491130745
594130755
1391130755
1491130755
595130805
1391130805
1491130805
594130815
898130815
1391130815
1491130815
595130825
1391130825
1491130825
595130835
1392130835
1491130835
594130845
1392130845
1491130845
594130855
1391130855
1491130855
595130905
1392130905
1490130905
595130915
1390130915
1491130915
595130925
1391130925
1491130925
595130935
1391130935
1490130935
595130945
1391130945
1491130945
595130955
1391130955
1491130955
595131005
1392131005
1491131005
594131015
1391131015
1491131015
594131025
1392131025
1490131025
594131035
1392131035
1491131035
594131045
1392131045
1491131045
594131055
1392131055
1491131055
594131105
1391131105
1490131105
594131115
1392131115
1490131115
594131125
698131125
1392131125
1491131125
594131135
1391131135
1490131135
594131145
1392131145
1491131145
594131155
1392131155
1490131155
594131205
1392131205
1491131205
594131215
1392131215
1490131215
594131225
1392131225
1491131225
594131235
1392131235
1490131235
594131245
1392131245
1490131245
595131255
1391131255
1490131255
594131305
1391131305
1490131305
594131315
695131315
1391131315
1491131315
498131325
594131325
693131325
1391131325
1490131325
594131335
698131335
1390131335
1490131335
594131345
698131345
1391131345
1490131345
594131355
1390131355
1490131355
596131405
1391131405
1490131405
594131415
698131415
1391131415
1491131415
594131425
1391131425
1490131425
594131435
1392131435
1490131435
197131445
594131445
1391131445
1491131445
196131455
594131455
1391131455
1491131455
197131505
498131505
594131505
1391131505
1490131505
195131515
595131515
1391131515
1491131515
195131525
594131525
1392131525
1490131525
195131535
594131535
1392131535
1490131535
195131545
498131545
595131545
1097131545
1391131545
1490131545
195131555
595131555
1096131555
1391131555
1490131555
196131605
595131605
1094131605
1392131605
1490131605
196131615
595131615
1393131615
1490131615
196131625
595131625
1392131625
1490131625
195131635
595131635
1392131635
1490131635
195131645
595131645
1392131645
1491131645
195131655
595131655
1391131655
1490131655
195131705
594131705
1391131705
1490131705
195131715
595131715
1392131715
1491131715
194131725
595131725
1392131725
1490131725
194131735
595131735
1393131735
1490131735
194131745
595131745
1393131745
1491131745
194131755
595131755
1394131755
1491131755
193131805
595131805
1393131805
1490131805
194131815
594131815
1393131815
1491131815
194131825
594131825
1393131825
1491131825
194131835
595131835
994131835
1393131835
1490131835
194131845
595131845
1393131845
1490131845
194131855
595131855
232
1393131855
1490131855
194131905
595131905
1393131905
1490131905
194131915
595131915
1393131915
1490131915
194131925
595131925
1393131925
1491131925
194131935
594131935
1393131935
1490131935
194131945
596131945
1393131945
1490131945
194131955
596131955
1395131955
1490131955
197132005
595132005
1394132005
1490132005
195132015
595132015
1392132015
1491132015
195132025
595132025
1393132025
1491132025
195132035
595132035
1393132035
1491132035
194132045
596132045
1391132045
1490132045
193132055
596132055
1392132055
1491132055
193132105
596132105
1392132105
1491132105
193132115
596132115
1392132115
1491132115
193132125
498132125
596132125
1392132125
1490132125
193132135
595132135
1392132135
1491132135
193132145
595132145
1391132145
1491132145
193132155
596132155
1392132155
1491132155
193132205
595132205
1392132205
1490132205
193132215
595132215
1391132215
1491132215
193132225
595132225
1391132225
1491132225
193132235
595132235
1392132235
1491132235
193132245
596132245
1391132245
1491132245
193132255
596132255
1391132255
1491132255
193132305
595132305
1391132305
1490132305
193132315
596132315
1392132315
1491132315
193132325
596132325
1391132325
1490132325
193132335
596132335
1392132335
1490132335
193132345
596132345
1391132345
1490132345
193132355
596132355
1392132355
1491132355
193132405
596132405
1391132405
1490132405
193132415
596132415
1392132415
1491132415
193132425
596132425
1391132425
1491132425
193132435
596132435
1392132435
1490132435
193132445
595132445
1391132445
1490132445
193132455
596132455
1391132455
1491132455
193132505
596132505
1391132505
1490132505
193132515
595132515
1391132515
1491132515
192132525
596132525
1392132525
1490132525
192132535
498132535
596132535
1391132535
1491132535
193132545
498132545
596132545
1391132545
1491132545
193132555
596132555
1391132555
1491132555
193132605
596132605
1391132605
1490132605
192132615
596132615
1392132615
1491132615
193132625
596132625
1391132625
1491132625
192132635
595132635
1392132635
1491132635
192132645
596132645
1391132645
1490132645
192132655
596132655
1392132655
1490132655
192132705
596132705
1391132705
1491132705
192132715
596132715
697132715
1391132715
1491132715
192132725
596132725
1391132725
1491132725
193132735
596132735
1392132735
1491132735
193132745
596132745
1391132745
1491132745
192132755
596132755
1392132755
1490132755
192132805
596132805
1392132805
1490132805
192132815
596132815
1392132815
1490132815
192132825
596132825
1392132825
1491132825
192132835
596132835
1391132835
1490132835
192132845
596132845
231
1392132845
1491132845
192132855
596132855
1391132855
1491132855
192132905
595132905
1392132905
1490132905
192132915
498132915
596132915
1391132915
1491132915
192132925
596132925
1390132925
1491132925
192132935
595132935
1392132935
1490132935
192132945
498132945
595132945
1391132945
1491132945
192132955
498132955
595132955
1392132955
1491132955
192133005
498133005
595133005
1392133005
1491133005
192133015
595133015
1391133015
1491133015
192133025
595133025
1391133025
1491133025
192133035
595133035
1392133035
1491133035
192133045
595133045
1391133045
1491133045
192133055
595133055
1391133055
1491133055
192133105
595133105
1392133105
1490133105
192133115
595133115
897133115
1391133115
1491133115
192133125
595133125
897133125
1391133125
1491133125
192133135
595133135
1392133135
1491133135
192133145
595133145
1391133145
1490133145
192133155
595133155
1391133155
1491133155
192133205
498133205
595133205
893133205
1392133205
1491133205
192133215
595133215
1392133215
1491133215
192133225
498133225
595133225
1391133225
1490133225
192133235
595133235
1392133235
1490133235
192133245
595133245
1391133245
1491133245
192133255
595133255
1391133255
1491133255
192133305
595133305
1391133305
1490133305
192133315
595133315
1391133315
1490133315
192133325
595133325
1392133325
1491133325
192133335
595133335
1392133335
1491133335
192133345
595133345
1391133345
1490133345
193133355
595133355
1391133355
1490133355
193133405
498133405
595133405
1391133405
1490133405
193133415
498133415
595133415
1392133415
1490133415
192133425
595133425
1392133425
1490133425
193133435
595133435
1392133435
1491133435
193133445
595133445
1392133445
1491133445
193133455
595133455
1392133455
1491133455
192133505
595133505
898133505
1392133505
1491133505
192133515
595133515
1392133515
1491133515
192133525
595133525
1391133525
1490133525
192133535
595133535
1391133535
1491133535
192133545
595133545
897133545
1392133545
1490133545
193133555
595133555
895133555
1391133555
1491133555
192133605
596133605
896133605
1391133605
1490133605
192133615
595133615
1390133615
1491133615
192133625
596133625
1392133625
1490133625
192133635
596133635
1391133635
1490133635
192133645
596133645
1391133645
1491133645
192133655
596133655
1391133655
1490133655
192133705
596133705
1391133705
1491133705
192133715
596133715
1391133715
1490133715
193133725
596133725
1392133725
1490133725
192133735
596133735
1391133735
1491133735
192133745
596133745
1391133745
1491133745
193133755
596133755
1391133755
1491133755
193133805
596133805
1391133805
230
1491133805
192133815
595133815
1391133815
1491133815
193133825
595133825
1391133825
1491133825
192133835
595133835
1392133835
1491133835
192133845
595133845
1391133845
1490133845
192133855
595133855
1391133855
1490133855
192133905
595133905
1391133905
1491133905
192133915
595133915
1391133915
1490133915
192133925
596133925
1391133925
1491133925
193133935
596133935
1391133935
1491133935
192133945
595133945
1391133945
1491133945
192133955
595133955
1391133955
1491133955
192134005
596134005
1391134005
1490134005
192134015
596134015
1392134015
1491134015
192134025
595134025
1391134025
1491134025
193134035
596134035
1391134035
1491134035
193134045
596134045
1391134045
1490134045
193134055
596134055
1391134055
1490134055
193134105
596134105
1391134105
1491134105
193134115
596134115
1391134115
1490134115
193134125
596134125
1391134125
1491134125
193134135
596134135
1392134135
1491134135
193134145
596134145
1391134145
1491134145
193134155
596134155
1392134155
1491134155
193134205
596134205
1391134205
1491134205
193134215
596134215
1391134215
1491134215
193134225
596134225
1391134225
1490134225
192134235
498134235
596134235
1392134235
1490134235
193134245
596134245
1392134245
1491134245
192134255
595134255
1392134255
1490134255
192134305
595134305
1391134305
1491134305
192134315
595134315
1391134315
1491134315
192134325
596134325
1391134325
1491134325
192134335
596134335
1391134335
1491134335
192134345
596134345
1392134345
1490134345
192134355
596134355
1391134355
1490134355
192134405
596134405
1391134405
1491134405
192134415
596134415
1392134415
1491134415
192134425
596134425
1391134425
1490134425
192134435
596134435
1391134435
1490134435
192134445
596134445
1391134445
1491134445
192134455
596134455
1391134455
1490134455
192134505
596134505
1391134505
1491134505
192134515
596134515
1391134515
1490134515
192134525
596134525
1392134525
1491134525
192134535
596134535
1391134535
1491134535
192134545
596134545
1391134545
1490134545
192134555
596134555
1392134555
1491134555
192134605
596134605
1392134605
1490134605
192134615
595134615
1392134615
1491134615
192134625
595134625
1391134625
1491134625
192134635
596134635
1391134635
1491134635
192134645
595134645
1391134645
1490134645
192134655
595134655
1391134655
1490134655
192134705
595134705
1392134705
1491134705
192134715
595134715
1392134715
1491134715
192134725
595134725
1392134725
1490134725
192134735
595134735
1391134735
1491134735
192134745
596134745
1392134745
1491134745
192134755
498134755
595134755
1391134755
1491134755
192134805
229
595134805
1391134805
1491134805
192134815
595134815
1391134815
1490134815
192134825
595134825
1392134825
1491134825
192134835
498134835
595134835
1392134835
1491134835
192134845
595134845
1392134845
1490134845
193134855
595134855
1391134855
1491134855
192134905
595134905
1391134905
1490134905
192134915
595134915
1392134915
1491134915
192134925
595134925
1392134925
1491134925
192134935
595134935
1391134935
1490134935
192134945
595134945
1392134945
1490134945
192134955
595134955
1392134955
1491134955
192135005
595135005
1391135005
1491135005
192135015
595135015
1392135015
1491135015
192135025
595135025
1392135025
1491135025
192135035
595135035
1392135035
1491135035
192135045
595135045
1392135045
1491135045
192135055
595135055
1391135055
1490135055
193135105
595135105
1392135105
1491135105
193135115
595135115
1391135115
1490135115
192135125
498135125
595135125
1392135125
1490135125
192135135
595135135
1392135135
1490135135
192135145
595135145
1391135145
1490135145
193135155
595135155
1391135155
1491135155
193135205
595135205
1392135205
1490135205
192135215
497135215
595135215
1392135215
1491135215
192135225
595135225
1392135225
1490135225
192135235
595135235
1391135235
1491135235
192135245
595135245
1392135245
1491135245
192135255
595135255
1392135255
1491135255
192135305
595135305
1392135305
1491135305
192135315
595135315
1391135315
1490135315
192135325
595135325
1391135325
1490135325
192135335
596135335
1391135335
1491135335
193135345
596135345
1391135345
1491135345
192135355
596135355
1391135355
1490135355
192135405
596135405
1391135405
1491135405
192135415
596135415
1392135415
1490135415
193135425
596135425
1391135425
1490135425
192135435
595135435
1391135435
1490135435
192135445
596135445
1391135445
1490135445
192135455
596135455
1391135455
1490135455
192135505
596135505
1391135505
1490135505
192135515
596135515
1391135515
1491135515
193135525
596135525
1391135525
1491135525
192135535
595135535
1390135535
1491135535
192135545
595135545
1391135545
1491135545
192135555
595135555
1391135555
1491135555
192135605
596135605
1392135605
1491135605
192135615
595135615
1391135615
1491135615
193135625
595135625
1392135625
1491135625
192135635
595135635
1296135635
1392135635
1491135635
192135645
595135645
1392135645
1490135645
192135655
494135655
595135655
1391135655
1491135655
193135705
595135705
1392135705
1490135705
193135715
595135715
1391135715
1491135715
193135725
595135725
1391135725
1491135725
193135735
595135735
1391135735
1490135735
193135745
596135745
1391135745
1490135745
228
193135755
595135755
1392135755
1491135755
192135805
595135805
1391135805
1491135805
193135815
498135815
595135815
1391135815
1491135815
193135825
595135825
1392135825
1491135825
193135835
596135835
1391135835
1491135835
193135845
596135845
1391135845
1490135845
193135855
596135855
1391135855
1490135855
193135905
596135905
1392135905
1490135905
193135915
595135915
1391135915
1491135915
193135925
596135925
1392135925
1490135925
193135935
596135935
1392135935
1490135935
193135945
596135945
1391135945
1490135945
193135955
498135955
596135955
1391135955
1490135955
193140005
596140005
1391140005
1491140005
193140015
596140015
1391140015
1491140015
193140025
596140025
1392140025
1490140025
192140035
595140035
1392140035
1490140035
192140045
596140045
1391140045
1491140045
192140055
595140055
1392140055
1491140055
192140105
596140105
1391140105
1491140105
192140115
596140115
1392140115
1491140115
192140125
595140125
1392140125
1491140125
192140135
595140135
1392140135
1491140135
192140145
596140145
1391140145
1490140145
192140155
595140155
1392140155
1491140155
192140205
596140205
1392140205
1491140205
192140215
595140215
1392140215
1491140215
192140225
596140225
1391140225
1491140225
192140235
498140235
596140235
1391140235
1491140235
192140245
596140245
1391140245
1491140245
193140255
595140255
1391140255
1491140255
192140305
595140305
1392140305
1491140305
192140315
595140315
1391140315
1491140315
192140325
595140325
1391140325
1491140325
192140335
595140335
1392140335
1490140335
192140345
595140345
1392140345
1491140345
192140355
595140355
1392140355
1491140355
192140405
595140405
1392140405
1491140405
192140415
595140415
1391140415
1491140415
193140425
595140425
1392140425
1491140425
192140435
595140435
1392140435
1491140435
192140445
595140445
1391140445
1491140445
192140455
595140455
1392140455
1491140455
192140505
595140505
1392140505
1491140505
192140515
595140515
1392140515
1490140515
192140525
595140525
1391140525
1491140525
192140535
498140535
595140535
1392140535
1491140535
192140545
595140545
1391140545
1491140545
192140555
595140555
1392140555
1491140555
192140605
498140605
595140605
1392140605
1491140605
192140615
595140615
1392140615
1490140615
192140625
595140625
1392140625
1490140625
192140635
595140635
1391140635
1491140635
192140645
595140645
1392140645
1491140645
192140655
595140655
1391140655
1491140655
192140705
595140705
1392140705
1491140705
192140715
595140715
1392140715
1491140715
192140725
595140725
1392140725
1491140725
192140735
595140735
1392140735
227
1491140735
192140745
595140745
1392140745
1491140745
192140755
595140755
1392140755
1491140755
192140805
595140805
1392140805
1490140805
192140815
595140815
897140815
1391140815
1490140815
192140825
595140825
1391140825
1491140825
193140835
595140835
898140835
1392140835
1491140835
193140845
595140845
1392140845
1491140845
192140855
595140855
1392140855
1491140855
193140905
595140905
1392140905
1491140905
193140915
493140915
595140915
1392140915
1491140915
193140925
595140925
1392140925
1490140925
192140935
595140935
1391140935
1491140935
193140945
595140945
1392140945
1490140945
192140955
595140955
1392140955
1491140955
193141005
595141005
1392141005
1491141005
193141015
595141015
1393141015
1491141015
193141025
595141025
1392141025
1490141025
193141035
595141035
1392141035
1490141035
193141045
595141045
1391141045
1491141045
193141055
595141055
1391141055
1491141055
193141105
595141105
1392141105
1490141105
192141115
596141115
1391141115
1490141115
192141125
596141125
1391141125
1491141125
192141135
596141135
1391141135
1491141135
192141145
596141145
1391141145
1491141145
193141155
596141155
1391141155
1491141155
193141205
596141205
1392141205
1490141205
192141215
596141215
1391141215
1490141215
193141225
596141225
1392141225
1490141225
193141235
596141235
1391141235
1491141235
192141245
596141245
1391141245
1491141245
193141255
596141255
1392141255
1491141255
192141305
596141305
1391141305
1491141305
193141315
595141315
1391141315
1491141315
193141325
595141325
1391141325
1490141325
193141335
595141335
1392141335
1491141335
192141345
596141345
1392141345
1491141345
192141355
595141355
1392141355
1491141355
192141405
595141405
1392141405
1491141405
193141415
595141415
1392141415
1491141415
192141425
596141425
1392141425
1491141425
192141435
595141435
1392141435
1491141435
193141445
595141445
1392141445
1490141445
192141455
395141455
596141455
1392141455
1491141455
192141505
596141505
1391141505
1490141505
193141515
596141515
1392141515
1490141515
193141525
595141525
1391141525
1491141525
192141535
396141535
596141535
1392141535
1491141535
193141545
596141545
1392141545
1491141545
192141555
596141555
1391141555
1491141555
193141605
596141605
1391141605
1490141605
192141615
398141615
596141615
1392141615
1491141615
193141625
596141625
1392141625
1491141625
193141635
596141635
1391141635
1491141635
192141645
596141645
1392141645
1491141645
193141655
596141655
1392141655
1491141655
193141705
595141705
1392141705
1491141705
193141715
596141715
1391141715
1491141715
193141725
226
596141725
1391141725
1491141725
193141735
596141735
1392141735
1491141735
193141745
596141745
1391141745
1491141745
193141755
595141755
1391141755
1491141755
192141805
595141805
1391141805
1491141805
192141815
595141815
1391141815
1491141815
192141825
595141825
1392141825
1491141825
192141835
596141835
1392141835
1491141835
192141845
595141845
1392141845
1491141845
192141855
596141855
1391141855
1491141855
192141905
595141905
1391141905
1490141905
192141915
596141915
1391141915
1491141915
192141925
596141925
1391141925
1491141925
193141935
595141935
1392141935
1491141935
192141945
596141945
1391141945
1491141945
192141955
595141955
1391141955
1491141955
192142005
595142005
1392142005
1491142005
192142015
595142015
1391142015
1490142015
192142025
595142025
1391142025
1490142025
192142035
595142035
1392142035
1491142035
192142045
595142045
1391142045
1491142045
192142055
595142055
1392142055
1491142055
192142105
595142105
1392142105
1491142105
192142115
595142115
1392142115
1491142115
192142125
595142125
1392142125
1491142125
192142135
595142135
1392142135
1491142135
192142145
595142145
1392142145
1491142145
192142155
595142155
1391142155
1491142155
192142205
595142205
1391142205
1491142205
192142215
595142215
1391142215
1491142215
192142225
595142225
1391142225
1491142225
192142235
595142235
1392142235
1491142235
192142245
595142245
1392142245
1491142245
192142255
498142255
595142255
1392142255
1491142255
192142305
498142305
595142305
1392142305
1491142305
192142315
595142315
1392142315
1491142315
192142325
595142325
1392142325
1491142325
192142335
498142335
595142335
1392142335
1491142335
192142345
595142345
1391142345
1491142345
192142355
595142355
1392142355
1491142355
192142405
498142405
595142405
1392142405
1491142405
193142415
595142415
1391142415
1491142415
192142425
498142425
595142425
1391142425
1491142425
192142435
497142435
595142435
1391142435
1490142435
192142445
498142445
595142445
1391142445
1491142445
192142455
498142455
595142455
1391142455
1491142455
192142505
498142505
595142505
1391142505
1491142505
192142515
595142515
1391142515
1491142515
192142525
595142525
1391142525
1491142525
192142535
595142535
1390142535
1491142535
192142545
595142545
1392142545
1491142545
193142555
498142555
595142555
1391142555
1490142555
192142605
498142605
595142605
1392142605
1491142605
193142615
498142615
595142615
1391142615
1491142615
193142625
498142625
595142625
1391142625
1491142625
192142635
595142635
1392142635
1491142635
192142645
498142645
595142645
1392142645
225
1491142645
192142655
396142655
498142655
595142655
1392142655
1490142655
192142705
595142705
1391142705
1491142705
193142715
498142715
595142715
1392142715
1491142715
192142725
595142725
1392142725
1490142725
192142735
498142735
595142735
1392142735
1491142735
192142745
595142745
1391142745
1491142745
192142755
595142755
1391142755
1491142755
192142805
498142805
595142805
1392142805
1491142805
192142815
498142815
595142815
1391142815
1491142815
192142825
595142825
1391142825
1491142825
192142835
595142835
1391142835
1491142835
192142845
596142845
1392142845
1491142845
192142855
498142855
596142855
1392142855
1491142855
192142905
395142905
596142905
1391142905
1491142905
192142915
398142915
596142915
1390142915
1491142915
192142925
596142925
1392142925
1491142925
192142935
596142935
1391142935
1491142935
193142945
596142945
1392142945
1491142945
192142955
595142955
1392142955
1491142955
192143005
595143005
1391143005
1491143005
192143015
595143015
1392143015
1490143015
192143025
595143025
1391143025
1491143025
192143035
595143035
1391143035
1491143035
192143045
595143045
1391143045
1491143045
192143055
595143055
1391143055
1490143055
192143105
595143105
1392143105
1491143105
192143115
595143115
1392143115
1491143115
192143125
595143125
1391143125
1491143125
192143135
595143135
1391143135
1491143135
192143145
595143145
1391143145
1491143145
192143155
595143155
1392143155
1491143155
193143205
595143205
1392143205
1490143205
193143215
596143215
1391143215
1491143215
193143225
595143225
1391143225
1491143225
192143235
595143235
1391143235
1491143235
192143245
595143245
1391143245
1491143245
193143255
498143255
595143255
1391143255
1491143255
193143305
595143305
1391143305
1491143305
193143315
498143315
595143315
1391143315
1491143315
193143325
595143325
1391143325
1490143325
193143335
596143335
1391143335
1491143335
193143345
596143345
1392143345
1491143345
193143355
498143355
596143355
1391143355
1491143355
193143405
596143405
1392143405
1491143405
193143415
498143415
596143415
1391143415
1491143415
193143425
498143425
595143425
1391143425
1491143425
193143435
595143435
1392143435
1491143435
193143445
595143445
1391143445
1491143445
193143455
595143455
1392143455
1491143455
193143505
596143505
1392143505
1491143505
192143515
397143515
498143515
595143515
1391143515
1490143515
192143525
498143525
595143525
1391143525
1491143525
192143535
498143535
595143535
1391143535
1491143535
192143545
595143545
1392143545
1491143545
193143555
498143555
595143555
1391143555
1491143555
224
192143605
595143605
1391143605
1491143605
192143615
595143615
898143615
1391143615
1491143615
192143625
595143625
1391143625
1491143625
192143635
394143635
595143635
1391143635
1491143635
192143645
595143645
1392143645
1491143645
192143655
596143655
1391143655
1491143655
192143705
595143705
1392143705
1491143705
192143715
595143715
1392143715
1491143715
192143725
596143725
1391143725
1491143725
192143735
596143735
1392143735
1491143735
192143745
596143745
1391143745
1492143745
192143755
596143755
895143755
1391143755
1492143755
193143805
595143805
1392143805
1491143805
193143815
595143815
1392143815
1491143815
192143825
596143825
1391143825
1492143825
192143835
595143835
1391143835
1491143835
192143845
595143845
1392143845
1491143845
192143855
595143855
1392143855
1491143855
192143905
595143905
1392143905
1491143905
192143915
596143915
1392143915
1491143915
193143925
595143925
1391143925
1491143925
193143935
595143935
897143935
1392143935
1491143935
193143945
595143945
895143945
1392143945
1491143945
192143955
596143955
896143955
1391143955
1491143955
192144005
595144005
898144005
1392144005
1491144005
192144015
596144015
1391144015
1491144015
192144025
498144025
596144025
1392144025
1491144025
192144035
595144035
897144035
1392144035
1491144035
192144045
595144045
1391144045
1491144045
192144055
595144055
1391144055
1491144055
192144105
595144105
1391144105
1492144105
193144115
595144115
1392144115
1491144115
192144125
595144125
1392144125
1491144125
193144135
595144135
1391144135
1491144135
193144145
595144145
1392144145
1491144145
193144155
595144155
1392144155
1491144155
193144205
595144205
1391144205
1491144205
193144215
595144215
898144215
1392144215
1492144215
193144225
595144225
895144225
1392144225
1491144225
193144235
595144235
898144235
1392144235
1491144235
193144245
596144245
897144245
1392144245
1491144245
192144255
595144255
896144255
1392144255
1492144255
193144305
595144305
898144305
994144305
1392144305
1491144305
193144315
595144315
1391144315
1491144315
192144325
595144325
1392144325
1491144325
193144335
595144335
1392144335
1491144335
193144345
595144345
1391144345
1491144345
193144355
595144355
1391144355
1491144355
193144405
595144405
1392144405
1491144405
192144415
595144415
1391144415
1491144415
193144425
595144425
1391144425
1491144425
193144435
595144435
1391144435
1491144435
193144445
595144445
1391144445
1491144445
192144455
595144455
1391144455
1491144455
193144505
595144505
1392144505
1491144505
193144515
595144515
1392144515
1491144515
223
193144525
595144525
1391144525
1491144525
193144535
595144535
1391144535
1491144535
193144545
595144545
1391144545
1491144545
193144555
596144555
1391144555
1491144555
193144605
596144605
1391144605
1491144605
193144615
596144615
1391144615
1491144615
193144625
596144625
1391144625
1491144625
193144635
596144635
1392144635
1491144635
193144645
596144645
1391144645
1491144645
193144655
596144655
1392144655
1491144655
193144705
596144705
1391144705
1491144705
193144715
596144715
1392144715
1491144715
193144725
596144725
1391144725
1491144725
193144735
595144735
1391144735
1491144735
193144745
595144745
1391144745
1491144745
193144755
595144755
1391144755
1491144755
193144805
595144805
1391144805
1491144805
193144815
595144815
1391144815
1491144815
193144825
595144825
1391144825
1491144825
193144835
595144835
1392144835
1491144835
193144845
595144845
1392144845
1491144845
193144855
596144855
1391144855
1491144855
193144905
595144905
1391144905
1491144905
193144915
595144915
1392144915
1491144915
193144925
595144925
897144925
1392144925
1491144925
193144935
595144935
1391144935
1491144935
193144945
595144945
1392144945
1491144945
193144955
595144955
1392144955
1491144955
193145005
596145005
1392145005
1491145005
193145015
595145015
1391145015
1491145015
193145025
595145025
897145025
1390145025
1491145025
193145035
596145035
1391145035
1491145035
193145045
595145045
898145045
1391145045
1491145045
193145055
596145055
1391145055
1491145055
193145105
595145105
1392145105
1491145105
193145115
596145115
898145115
1392145115
1491145115
194145125
596145125
898145125
1392145125
1492145125
193145135
595145135
898145135
1392145135
1491145135
193145145
595145145
1391145145
1491145145
193145155
596145155
1391145155
1491145155
193145205
596145205
1391145205
1491145205
193145215
596145215
1391145215
1491145215
193145225
596145225
1392145225
1491145225
193145235
596145235
898145235
1391145235
1491145235
193145245
595145245
1391145245
1491145245
192145255
596145255
1392145255
1491145255
192145305
595145305
1392145305
1491145305
192145315
595145315
1392145315
1491145315
193145325
596145325
1391145325
1491145325
192145335
596145335
1391145335
1492145335
193145345
595145345
1391145345
1491145345
192145355
595145355
1392145355
1491145355
192145405
595145405
898145405
1391145405
1491145405
192145415
595145415
1392145415
1491145415
192145425
595145425
1391145425
1491145425
192145435
595145435
897145435
1391145435
1491145435
192145445
595145445
1391145445
1492145445
192145455
595145455
897145455
222
1392145455
1491145455
192145505
595145505
897145505
1391145505
1491145505
192145515
595145515
1392145515
1491145515
192145525
596145525
1391145525
1491145525
192145535
595145535
1392145535
1491145535
192145545
595145545
1391145545
1492145545
192145555
595145555
1392145555
1492145555
192145605
595145605
1392145605
1492145605
192145615
595145615
1392145615
1491145615
192145625
595145625
1391145625
1491145625
192145635
595145635
1392145635
1491145635
192145645
595145645
897145645
1391145645
1491145645
192145655
595145655
1391145655
1491145655
192145705
595145705
1392145705
1491145705
192145715
595145715
1392145715
1491145715
193145725
595145725
1391145725
1491145725
193145735
595145735
1391145735
1491145735
192145745
596145745
1392145745
1492145745
192145755
596145755
1391145755
1491145755
192145805
596145805
1392145805
1492145805
193145815
596145815
1392145815
1491145815
192145825
596145825
1392145825
1491145825
192145835
596145835
1391145835
1491145835
191145845
596145845
1392145845
1491145845
193145855
596145855
1393145855
1491145855
195145905
596145905
1393145905
1491145905
191145915
596145915
1393145915
1491145915
193145925
595145925
1392145925
1491145925
193145935
595145935
895145935
1392145935
1491145935
193145945
595145945
697145945
1392145945
1491145945
191145955
495145955
595145955
693145955
1392145955
1491145955
192150005
494150005
595150005
690150005
1391150005
1490150005
194150015
497150015
595150015
696150015
1391150015
1490150015
194150025
495150025
595150025
691150025
1392150025
1490150025
195150035
398150035
495150035
595150035
692150035
1391150035
1490150035
194150045
494150045
595150045
693150045
1391150045
1489150045
194150055
396150055
495150055
595150055
692150055
1391150055
1490150055
195150105
388150105
493150105
596150105
694150105
1393150105
1490150105
195150115
388150115
494150115
595150115
696150115
1393150115
1490150115
194150125
387150125
494150125
595150125
695150125
1391150125
1490150125
194150135
388150135
493150135
595150135
694150135
898150135
1392150135
1490150135
193150145
388150145
492150145
596150145
695150145
896150145
1391150145
1490150145
192150155
387150155
493150155
596150155
695150155
893150155
1392150155
1491150155
195150205
387150205
493150205
595150205
695150205
893150205
1391150205
1491150205
192150215
388150215
493150215
596150215
695150215
884150215
1390150215
1491150215
193150225
386150225
494150225
597150225
696150225
891150225
1388150225
1492150225
192150235
387150235
494150235
597150235
695150235
221
894150235
1388150235
1491150235
191150245
386150245
494150245
597150245
696150245
894150245
1388150245
1491150245
191150255
387150255
494150255
597150255
691150255
893150255
1388150255
1491150255
191150305
387150305
495150305
597150305
688150305
894150305
1389150305
1491150305
191150315
388150315
495150315
596150315
687150315
893150315
1388150315
1491150315
191150325
386150325
495150325
597150325
691150325
894150325
1388150325
1491150325
190150335
387150335
495150335
597150335
691150335
893150335
1388150335
1491150335
191150345
388150345
495150345
596150345
685150345
893150345
1389150345
1491150345
191150355
395150355
494150355
594150355
679150355
797150355
893150355
1388150355
1488150355
190150405
395150405
493150405
594150405
681150405
797150405
890150405
1388150405
1484150405
185150415
395150415
492150415
594150415
690150415
797150415
889150415
1388150415
1485150415
186150425
394150425
492150425
595150425
688150425
797150425
888150425
1392150425
1485150425
187150435
393150435
493150435
597150435
689150435
887150435
1390150435
1484150435
188150445
392150445
495150445
598150445
689150445
888150445
1390150445
1485150445
187150455
394150455
493150455
597150455
689150455
887150455
1390150455
1485150455
187150505
394150505
492150505
596150505
690150505
797150505
887150505
1394150505
1485150505
186150515
393150515
492150515
597150515
690150515
797150515
886150515
1393150515
1484150515
187150525
394150525
493150525
597150525
689150525
797150525
887150525
1393150525
1484150525
188150535
395150535
492150535
597150535
689150535
797150535
886150535
1394150535
1484150535
187150545
394150545
492150545
596150545
689150545
798150545
886150545
1394150545
1485150545
187150555
394150555
493150555
596150555
688150555
797150555
886150555
1390150555
1484150555
187150605
395150605
493150605
596150605
687150605
797150605
886150605
1393150605
1484150605
186150615
396150615
493150615
595150615
687150615
797150615
886150615
1393150615
1484150615
186150625
395150625
492150625
595150625
686150625
797150625
887150625
1389150625
1484150625
186150635
394150635
492150635
592150635
690150635
798150635
886150635
1386150635
1484150635
187150645
394150645
492150645
592150645
689150645
798150645
887150645
1386150645
1485150645
187150655
394150655
492150655
595150655
688150655
797150655
887150655
1392150655
1485150655
187150705
394150705
491150705
596150705
695150705
797150705
886150705
1389150705
1486150705
187150715
392150715
493150715
595150715
220
695150715
796150715
891150715
1391150715
1484150715
187150725
395150725
493150725
595150725
695150725
798150725
887150725
1391150725
1485150725
187150735
394150735
494150735
594150735
692150735
797150735
888150735
1390150735
1486150735
188150745
395150745
493150745
595150745
694150745
798150745
888150745
1390150745
1486150745
189150755
395150755
493150755
596150755
693150755
798150755
888150755
1391150755
1486150755
189150805
396150805
494150805
596150805
695150805
798150805
888150805
1391150805
1486150805
189150815
395150815
493150815
596150815
694150815
797150815
888150815
1391150815
1486150815
188150825
394150825
494150825
596150825
696150825
797150825
888150825
1390150825
1485150825
188150835
395150835
494150835
596150835
696150835
798150835
887150835
1389150835
1485150835
187150845
395150845
494150845
597150845
696150845
798150845
887150845
1390150845
1485150845
188150855
394150855
493150855
596150855
696150855
798150855
886150855
1391150855
1486150855
187150905
394150905
493150905
596150905
695150905
797150905
887150905
1390150905
1486150905
187150915
394150915
493150915
595150915
696150915
797150915
888150915
1197150915
1392150915
1485150915
187150925
393150925
493150925
598150925
696150925
888150925
1392150925
1486150925
188150935
394150935
494150935
594150935
695150935
797150935
889150935
1391150935
1486150935
187150945
395150945
494150945
595150945
694150945
797150945
887150945
1391150945
1486150945
189150955
395150955
493150955
596150955
694150955
797150955
887150955
1390150955
1486150955
188151005
394151005
494151005
596151005
694151005
797151005
886151005
1390151005
1486151005
188151015
393151015
494151015
595151015
696151015
885151015
1390151015
1486151015
188151025
394151025
494151025
595151025
694151025
797151025
887151025
1390151025
1487151025
185151035
393151035
494151035
596151035
692151035
797151035
888151035
1389151035
1486151035
185151045
392151045
494151045
597151045
692151045
797151045
889151045
1387151045
1486151045
186151055
391151055
494151055
597151055
692151055
797151055
890151055
1388151055
1485151055
185151105
395151105
493151105
597151105
694151105
797151105
890151105
1388151105
1486151105
185151115
394151115
493151115
597151115
693151115
797151115
889151115
1388151115
1486151115
185151125
394151125
493151125
596151125
696151125
797151125
886151125
1388151125
1486151125
186151135
394151135
493151135
596151135
695151135
797151135
886151135
1388151135
1485151135
186151145
394151145
219
492151145
596151145
695151145
797151145
885151145
1388151145
1485151145
187151155
395151155
494151155
596151155
696151155
797151155
887151155
1388151155
1486151155
187151205
394151205
493151205
596151205
696151205
797151205
887151205
1389151205
1486151205
186151215
394151215
494151215
597151215
696151215
797151215
887151215
1388151215
1486151215
186151225
393151225
494151225
596151225
695151225
798151225
887151225
1388151225
1486151225
185151235
392151235
494151235
597151235
693151235
797151235
887151235
1388151235
1486151235
188151245
393151245
494151245
595151245
695151245
798151245
887151245
1390151245
1486151245
188151255
394151255
494151255
595151255
696151255
797151255
887151255
1391151255
1487151255
188151305
394151305
494151305
595151305
695151305
887151305
1391151305
1487151305
188151315
394151315
494151315
596151315
696151315
888151315
1391151315
1486151315
188151325
394151325
493151325
595151325
696151325
798151325
888151325
1390151325
1486151325
188151335
393151335
494151335
595151335
696151335
798151335
888151335
1391151335
1486151335
189151345
393151345
495151345
595151345
696151345
888151345
1390151345
1486151345
188151355
393151355
494151355
595151355
696151355
797151355
888151355
1391151355
1486151355
188151405
394151405
494151405
595151405
695151405
797151405
888151405
1389151405
1486151405
188151415
394151415
494151415
595151415
695151415
887151415
1392151415
1486151415
189151425
394151425
494151425
596151425
696151425
797151425
888151425
1390151425
1486151425
188151435
393151435
494151435
595151435
695151435
798151435
887151435
1390151435
1486151435
188151445
394151445
495151445
595151445
696151445
888151445
1391151445
1486151445
187151455
393151455
495151455
697151455
887151455
1390151455
1486151455
189151505
393151505
495151505
594151505
696151505
887151505
1391151505
1487151505
187151515
393151515
594151515
695151515
887151515
1391151515
1486151515
188151525
393151525
594151525
695151525
796151525
887151525
1389151525
1486151525
188151535
393151535
695151535
888151535
1391151535
1486151535
188151545
393151545
594151545
696151545
887151545
1391151545
1486151545
-1
-1
-1
-1
-1
-1
-1
-1
-1
-1
-1
-1
-1
-1
-1
-1
-1
-1
-1
-1
-1
-1
-1
-1
-1
-1
-1
-1
-1
-1
-1
-1
-1
218
-1
-1
-1
-1
-1
-1
-1
-1
-1
-1
-1
-1
-1
-1
-1
-1
-1
-1
-1
-1
-1
-1
-1
-1
-1
-1
-1
-1
-1
-1
-1
-1
-1
-1
-1
-1
-1
-1
-1
-1
-1
-1
-1
-1
-1
-1
-1
-1
-1
-1
-1
-1
-1
-1
-1
-1
-1
-1
-1
-1
-1
-1
-1
-1
-1
-1
-1
-1
-1
-1
-1
-1
-1
-1
-1
-1
-1
-1
-1
-1
-1
-1
-1
-1
-1
-1
-1
-1
-1
-1
-1
-1
-1
-1
-1
-1
-1
-1
-1
-1
-1
-1
-1
-1
-1
-1
-1
-1
-1
-1
-1
-1
-1
-1
-1
-1
-1
-1
-1
-1
-1
-1
-1
-1
-1
-1
-1
-1
-1
-1
-1
-1
-1
-1
-1
-1
-1
-1
-1
-1
-1
-1
-1
-1
-1
-1
-1
-1
-1
-1
-1
-1
-1
-1
-1
-1
-1
-1
-1
-1
-1
-1
-1
-1
-1
-1
-1
-1
-1
-1
-1
-1
-1
-1
-1
-1
-1
-1
-1
-1
-1
-1
-1
-1
-1
-1
-1
-1
-1
-1
-1
-1
-1
-1
-1
-1
-1
-1
-1
-1
-1
-1
-1
-1
-1
-1
-1
-1
-1
-1
-1
-1
-1
-1
-1
-1
-1
-1
-1
-1
-1
-1
-1
-1
-1
-1
-1
-1
-1
-1
-1
-1
-1
-1
-1
-1
-1
-1
-1
-1
217
-1
-1
-1
-1
-1
-1
-1
-1
-1
-1
-1
-1
-1
-1
-1
-1
-1
-1
-1
-1
-1
-1
-1
-1
-1
-1
-1
-1
-1
-1
-1
-1
-1
-1
-1
-1
-1
-1
-1
-1
-1
-1
-1
-1
-1
-1
-1
-1
-1
-1
-1
-1
-1
-1
-1
-1
-1
-1
-1
-1
-1
-1
-1
-1
-1
-1
-1
-1
-1
-1
-1
-1
-1
-1
-1
-1
-1
-1
-1
-1
-1
-1
-1
-1
-1
-1
-1
-1
-1
-1
-1
-1
-1
-1
-1
-1
-1
-1
-1
-1
-1
-1
-1
-1
-1
-1
-1
-1
-1
-1
-1
-1
-1
-1
-1
-1
-1
-1
-1
-1
-1
-1
-1
-1
-1
-1
-1
-1
-1
-1
-1
-1
-1
-1
-1
-1
-1
-1
-1
-1
-1
-1
-1
-1
-1
-1
-1
-1
-1
-1
-1
-1
-1
-1
-1
-1
-1
-1
-1
-1
-1
-1
-1
-1
-1
-1
-1
-1
-1
-1
-1
-1
-1
-1
-1
-1
-1
-1
-1
-1
-1
-1
-1
-1
-1
-1
-1
-1
-1
-1
-1
-1
-1
-1
-1
-1
-1
-1
-1
-1
-1
-1
-1
-1
-1
-1
-1
-1
-1
-1
-1
-1
-1
-1
-1
-1
-1
-1
-1
-1
-1
-1
-1
-1
-1
-1
-1
-1
-1
-1
-1
-1
-1
-1
-1
-1
-1
-1
-1
-1
216
-1
-1
-1
-1
-1
-1
-1
-1
-1
-1
-1
-1
-1
-1
-1
-1
-1
-1
-1
-1
-1
-1
-1
-1
-1
-1
-1
-1
-1
-1
-1
-1
-1
-1
-1
-1
-1
-1
-1
-1
-1
-1
-1
-1
-1
-1
-1
-1
-1
-1
-1
-1
-1
-1
-1
-1
-1
-1
-1
-1
-1
-1
-1
-1
-1
-1
-1
-1
-1
-1
-1
-1
-1
-1
-1
-1
-1
-1
-1
-1
-1
-1
-1
-1
-1
-1
-1
-1
-1
-1
-1
-1
-1
-1
-1
-1
-1
-1
-1
-1
-1
-1
-1
-1
-1
-1
-1
-1
-1
-1
-1
-1
-1
-1
-1
-1
-1
-1
-1
-1
-1
-1
-1
-1
-1
-1
-1
-1
-1
-1
-1
-1
-1
-1
-1
-1
-1
-1
-1
-1
-1
-1
-1
-1
-1
-1
-1
-1
-1
-1
-1
-1
-1
-1
-1
-1
-1
-1
-1
-1
-1
-1
-1
-1
-1
-1
-1
-1
-1
-1
-1
-1
-1
-1
-1
-1
-1
-1
-1
-1
-1
-1
-1
-1
-1
-1
-1
-1
-1
-1
-1
-1
-1
-1
-1
-1
-1
-1
-1
-1
-1
-1
-1
-1
-1
-1
-1
-1
-1
-1
-1
-1
-1
-1
-1
-1
-1
-1
-1
-1
-1
-1
-1
-1
-1
-1
-1
-1
-1
-1
-1
-1
-1
-1
-1
-1
-1
-1
-1
-1
215
-1
-1
-1
-1
-1
-1
-1
-1
-1
-1
-1
-1
-1
-1
-1
-1
-1
-1
-1
-1
-1
-1
-1
-1
-1
-1
-1
-1
-1
-1
-1
-1
-1
-1
-1
-1
-1
-1
-1
-1
-1
-1
-1
-1
-1
-1
-1
-1
-1
-1
-1
-1
-1
-1
-1
-1
-1
-1
-1
-1
-1
-1
-1
-1
-1
-1
-1
-1
-1
-1
-1
-1
-1
-1
-1
-1
-1
-1
-1
-1
-1
-1
-1
-1
-1
-1
-1
-1
-1
-1
-1
-1
-1
-1
-1
-1
-1
-1
-1
-1
-1
-1
-1
-1
-1
-1
-1
-1
-1
-1
-1
-1
-1
-1
-1
-1
-1
-1
-1
-1
-1
-1
-1
-1
-1
-1
-1
-1
-1
-1
-1
-1
-1
-1
-1
-1
-1
-1
-1
-1
-1
-1
-1
-1
-1
-1
-1
-1
-1
-1
-1
-1
-1
-1
-1
-1
-1
-1
-1
-1
-1
-1
-1
-1
-1
-1
-1
-1
-1
-1
-1
-1
-1
-1
-1
-1
-1
-1
-1
-1
-1
-1
-1
-1
-1
-1
-1
-1
-1
-1
-1
-1
-1
-1
-1
-1
-1
-1
-1
-1
-1
-1
-1
-1
-1
-1
-1
-1
-1
-1
-1
-1
-1
-1
-1
-1
-1
-1
-1
-1
-1
-1
-1
-1
-1
-1
-1
-1
-1
-1
-1
-1
-1
-1
-1
-1
-1
-1
-1
-1
214
-1
-1
-1
-1
-1
-1
-1
-1
-1
-1
-1
-1
-1
-1
-1
-1
-1
-1
-1
-1
-1
-1
-1
-1
-1
-1
-1
-1
-1
-1
-1
-1
-1
-1
-1
-1
-1
-1
-1
-1
-1
-1
-1
-1
-1
-1
-1
-1
-1
-1
-1
-1
-1
-1
-1
-1
-1
-1
-1
-1
-1
-1
-1
-1
-1
-1
-1
-1
-1
-1
-1