Waiting for serial communication...
250
1195090105
1189090145
1194090205
1190090225
1194090235
1193090315
1195090415
1190090525
1195090615
1195090625
1195090635
1194090655
1189091215
1193091225
1190091235
1193091245
1197091815
1188091945
1196091955
896092805
897092815
1095092825
1495092825
895092835
893092845
696092855
694092905
894092905
694092925
896092945
895092955
896093005
495093045
894093155
697093205
1096093205
893093215
895093225
895093235
492093255
696093305
1196093305
696093315
1497093315
697093325
894093355
895093405
892093415
1194093425
1495093425
1193093435
1192093505
1196093525
396093615
894093625
697093745
897093815
1197093825
695093835
1197093835
696093845
897093845
396093855
697093855
890093855
695093905
1197093905
696093925
397093935
697093935
894093935
1096093945
291093955
295094005
292094025
894094125
896094135
1196094135
295094145
896094145
1196094145
894094155
397094215
697094215
894094225
297094235
397094245
294094315
1097094315
197094335
295094335
297094345
293094355
696094355
297094405
696094405
297094415
396094415
297094435
296094445
1196094455
196094505
493094605
196094615
1197094615
1196094625
697094655
695094745
195094755
695094805
1194094815
696094845
1194094845
794094855
293094905
1197094905
1490094905
696094915
1195094925
1494094925
696094935
293095005
896095005
294095035
1194095035
294095045
696095045
895095045
1492095045
296095055
695095055
894095055
1197095055
295095105
696095105
1093095105
1195095105
295095115
690095115
1196095115
695095125
895095125
295095135
894095135
294095145
395095145
895095145
1196095145
297095155
395095155
895095155
691095205
896095205
1495095205
297095215
695095215
895095215
697095225
696095235
295095245
393095245
697095245
1093095245
393095255
1093095255
393095305
697095305
1095095305
1492095305
395095315
697095315
1095095315
1495095315
197095325
694095325
895095325
1093095325
1194095325
1488095325
194095335
896095335
1196095335
696095345
897095345
1195095345
197095355
696095355
1196095355
695095405
897095405
897095415
292095425
695095425
896095425
896095435
1095095435
1195095435
1095095445
1196095445
694095455
1096095455
1497095455
195095505
1192095505
1496095505
1095095515
695095525
197095535
696095535
1097095535
696095545
1096095545
1195095545
696095555
1096095555
1096095605
895095615
1097095615
1497095615
697095625
896095625
1093095625
1495095625
496095635
695095635
895095635
696095735
897095735
1095095735
295095745
1094095745
1497095745
697095755
1096095755
1494095755
697095805
897095805
797095815
896095815
895095825
249
697095835
697095845
1095095845
1495095845
696095855
896095855
1096095855
1495095855
697095905
797095905
895095905
1093095905
796095915
1094095915
1494095915
795095925
1096095925
1094095935
1497095935
1094095945
1497095945
697095955
1094095955
1497095955
896100005
1095100005
1096100015
896100025
1095100025
1095100035
693100045
1096100045
1095100055
688100105
892100105
1095100105
692100115
896100115
1096100115
1497100115
797100125
894100125
1096100125
1496100125
896100135
1096100135
1496100135
895100145
1096100145
1496100145
195100155
1096100155
1496100155
797100205
1096100205
1196100205
1496100205
1096100215
1496100215
1096100225
1496100225
696100235
794100235
1095100235
1494100235
397100245
697100245
1095100245
1495100245
695100255
894100255
1497100255
694100305
796100305
896100305
1095100305
1492100305
397100315
895100315
1094100315
896100325
1094100325
695100335
1094100335
696100345
893100345
1095100345
697100355
893100355
1094100355
893100405
1094100405
1492100405
695100415
894100415
1093100415
1197100415
1495100415
697100425
890100425
1096100425
893100435
1096100435
1497100435
894100445
1097100445
1195100445
697100455
893100455
1096100455
696100505
895100505
1097100505
1194100505
895100515
1096100515
1196100515
695100525
1194100525
895100535
695100555
892100555
1095100555
1493100555
395100605
695100605
890100605
1095100605
696100615
893100615
1095100615
395100625
697100625
891100625
1095100625
892100635
1095100635
891100645
1095100645
695100655
892100655
893100705
695100715
892100715
685100725
892100725
694100735
892100735
695100745
892100745
697100755
893100755
1197100755
892100805
1195100805
892100815
1194100815
893100825
893100835
1194100835
895100845
1196100845
891100855
891100905
1197100905
892100915
1194100915
893100925
894100935
896100955
1096100955
894101005
1094101005
1190101005
896101015
1190101015
796101025
896101025
295101035
697101035
896101035
1196101035
692101045
297101055
396101055
691101055
896101055
294101105
695101105
294101115
695101115
895101115
793101125
896101125
394101135
895101135
892101145
891101155
891101205
891101215
1496101215
492101225
891101225
495101235
696101235
891101235
495101245
696101245
892101245
891101255
892101305
891101315
891101325
1493101325
795101335
891101335
796101345
890101345
696101355
891101355
1493101355
891101405
1493101405
197101415
891101415
892101425
1194101425
193101435
296101435
891101435
1190101435
296101445
893101445
1191101445
894101455
1192101455
696101505
794101535
695101545
497101625
248
1096101625
496101635
1097101635
496101655
1097101655
496101805
496101845
495101855
1195101855
495101905
895101905
695101915
895101915
1195101915
496101925
495101935
896101935
495101945
696101945
893101945
696101955
894101955
1094101955
1093102005
1092102015
697102025
893102025
1093102025
894102035
1091102035
894102045
1091102045
1496102045
893102055
1091102055
894102105
1091102105
897102115
1091102115
1192102115
697102125
894102125
1089102125
696102135
1089102135
1197102135
1089102145
1089102155
1195102155
1089102205
1089102215
1089102225
1089102235
1491102235
1088102245
1088102255
197102305
1093102305
191102315
697102315
1094102315
696102325
1095102325
1495102325
697102335
1094102335
697102345
1093102345
696102355
1094102355
696102405
1092102405
1093102415
1197102425
1197102525
1197102535
295102545
894102555
1197102605
397102615
897102615
1197102615
296102625
697102625
1197102625
295102635
695102635
1197102635
696102645
896102645
1193102645
296102655
1197102655
894102705
1193102705
295102725
1195102725
1194102735
1497102755
1494102805
1195102825
1093102955
1094103005
1093103015
1093103025
1093103035
1093103045
1093103055
1093103105
1092103115
297103125
1093103125
1092103135
1095103145
1496103145
1093103155
1487103155
195103205
697103205
1093103205
1487103205
192103215
1093103215
196103225
1193103225
1496103235
297103245
1495103245
1193103255
195103305
897103305
195103315
293103325
497103325
897103325
295103335
896103335
1195103335
195103345
295103345
895103345
196103355
295103355
1194103355
1495103355
296103405
1297103405
296103415
895103415
296103425
896103425
1197103425
297103435
896103435
897103445
1197103445
894103455
1194103455
889103515
1195103515
1194103525
1497103525
895103535
895103545
297103605
196103615
1395103615
896103625
1396103625
897103635
895103645
1394103655
1494103745
294103845
1393103845
195103855
1397103855
397103905
297103915
194103925
397103925
894103935
396104005
1396104005
296104015
396104015
294104025
396104025
295104035
1393104045
397104055
1397104055
293104105
1391104105
395104115
1097104115
496104135
193104155
894104155
294104225
295104245
197104335
196104405
1094104405
1095104415
1095104425
1390104425
1396104435
1094104445
1392104445
297104505
397104515
296104525
394104525
1095104545
296104555
294104605
396104635
1396104635
396104645
1397104715
195104745
1095104745
1094104815
1093104825
1093104835
1092104845
1091104855
1092104905
1395104905
1092104915
1395104915
1094104925
1094104935
1094104945
1094104955
1094105005
1094105015
1093105025
197105035
247
1093105035
1094105045
1393105045
297105055
396105055
1093105055
1393105055
397105105
1094105105
1394105105
494105115
1093105115
296105125
395105125
896105125
1094105125
896105135
1093105135
297105145
1396105145
1395105155
1493105205
1397105215
1396105225
396105235
1397105235
292105245
397105245
1396105245
896105255
1396105255
295105305
895105305
1394105305
196105315
496105315
896105315
1396105315
1395105325
496105345
1396105405
1393105415
1396105435
1093105455
1395105455
1088105505
1395105505
1097105515
1396105515
696105525
695105535
1397105535
695105545
1089105545
1396105545
697105555
1092105555
1396105555
692105605
1092105605
1397105605
696105615
1093105615
1396105615
1093105625
1397105625
393105635
697105635
1093105635
1396105635
696105645
1093105645
1396105645
1092105655
1396105655
696105705
1088105705
1396105705
1092105715
1396105715
1096105725
1396105725
1096105735
1096105745
1395105745
497105755
694105755
1096105755
696105805
1095105805
696105815
1095105815
1397105815
1094105825
1397105825
1086105835
1089105845
1396105845
1094105855
796105905
1094105905
1395105905
1094105915
1394105915
394105925
1094105925
1093105935
395105945
1091105945
1093105955
397110005
697110005
1094110005
696110015
1096110015
695110025
897110025
1097110025
1396110025
397110035
696110035
1096110035
1093110045
1597110045
1095110055
1093110105
1094110115
796110125
1089110125
1087110135
693110145
1094110145
1393110145
693110155
892110155
1093110155
1392110155
894110205
1093110205
894110215
1093110215
1093110225
1092110235
1095110245
1095110255
1395110255
1096110305
896110315
1095110315
1397110315
391110325
1095110325
1390110325
1093110335
397110345
1093110345
1093110355
395110445
1095110445
191110505
184110515
694110525
696110535
696110545
196110555
695110555
295110615
691110615
293110625
697110625
1495110635
294110645
296110655
196110705
295110705
194110735
295110735
192110745
297110745
1095110745
295110755
196110805
293110805
1094110805
189110815
194110825
295110825
1395110835
294110845
291110855
697110905
695110915
1395110915
693110925
896110925
694110935
196110945
193110955
293111005
897111005
896111015
190111035
296111035
295111045
296111105
297111115
294111135
296111155
197111215
197111225
292111225
1094111225
294111235
893111235
295111245
894111245
895111255
95111305
294111305
295111325
896111325
695111335
896111335
1395111335
694111345
894111345
1396111345
697111355
1396111355
694111405
1396111405
696111415
1396111415
697111435
1395111435
191111445
195111455
296111525
696111535
297111545
246
1396111545
695111555
688111635
1389111635
696111645
1397111645
697111705
694111715
1396111715
697111745
695111755
697111815
693111905
1094111945
1390111945
296112015
896112045
895112055
894112125
896112205
897112235
894112255
1396112255
490112305
895112325
1396112325
897112335
897112345
895112355
1394112355
892112405
896112415
896112425
696112435
694112445
895112445
1395112445
697112455
697112505
696112515
1393112515
895112535
897112555
896112605
896112615
296112625
894112625
695112635
896112635
894112645
197112655
697112655
895112655
895112705
896112715
794112725
1395112725
896112735
896112745
896112755
895112805
895112825
1395112825
896112835
1396112835
897112845
896112855
1396112855
696112905
896112905
696112915
897112915
1397112915
897112925
1397112925
896112935
897112945
893112955
297113005
894113005
692113025
1396113025
897113055
896113105
696113115
1490113115
694113125
897113125
1396113125
295113135
696113135
1297113135
1393113135
297113145
1393113145
296113155
1394113155
897113205
1395113205
1395113215
1396113225
294113235
1396113245
897113255
1395113255
696113305
896113305
695113315
1397113315
695113325
896113325
1397113325
895113335
1397113335
892113345
1395113345
696113355
1397113355
694113405
696113415
1395113415
694113425
897113435
1397113435
1395113445
1396113515
196113525
1396113525
195113535
695113535
1395113535
194113605
1396113605
896113615
696113625
696113635
695113645
695113655
796113715
897113725
1096113725
1095113735
395113745
1092113745
1094113755
296113805
397113805
695113805
1094113805
696113815
1087113815
1395113815
396113825
693113825
794113825
1094113825
1096113835
692113845
1096113845
296113855
1093113855
297113905
689113905
1092113905
296113915
696113915
1091113915
294113925
1092113925
1092113935
297113945
1091113945
296113955
1086113955
194114005
886114005
1088114005
188114015
293114015
887114015
1091114015
197114025
696114025
894114025
1092114025
896114035
1092114035
195114045
888114045
1090114045
891114055
1091114055
194114105
690114105
1094114105
1396114115
1092114125
695114135
895114135
194114145
292114145
897114145
697114155
897114155
696114205
693114215
896114215
694114235
695114245
1396114305
1395114315
1395114335
1395114345
1397114355
1394114455
1396114525
1397114535
1396114555
1396114715
1392114725
1394114755
1395114925
1394114935
694114955
696115015
1396115115
693115125
1394115125
688115135
1396115135
688115145
1388115145
1395115155
693115205
1396115205
695115215
1394115215
693115225
685115235
1394115235
245
694115255
1396115255
693115305
1397115305
692115315
1393115315
1397115325
697115335
1395115335
896115355
897115405
694115445
697115455
1394115455
393115515
1393115525
397115535
696115535
697115545
1495115545
697115555
195115605
693115605
1393115605
695115615
1395115615
195115625
696115625
1397115625
195115635
696115635
1393115635
696115645
1394115645
696115705
1397115705
696115715
1395115715
695115725
1394115735
197115745
1095115745
695115805
897115805
1096115805
696115815
1394115815
695115825
195115835
697115835
197115845
1396115845
695115855
1397115855
195115905
684115905
1394115905
192115915
696115915
892115915
1385115915
195115925
688115925
1392115925
196115935
693115935
897115935
1393115935
1395115945
196115955
693115955
1396115955
683120005
1392120005
196120015
1397120015
694120025
1395120025
195120035
696120035
1395120035
696120045
1394120105
194120115
1394120115
1396120125
1394120135
194120145
197120215
696120345
692120355
695120405
1395120405
696120415
1396120415
693120425
696120435
697120445
1395120445
1395120455
1396120515
697120525
696120535
696120545
895120545
1393120545
492120555
895120555
1397120555
1393120605
195120615
895120615
1390120615
195120625
1397120625
697120635
892120635
1393120635
192120645
392120645
695120645
1394120645
197120655
488120655
695120655
1394120655
196120705
395120705
692120705
1396120705
396120715
896120715
1396120715
1395120725
895120735
1094120735
1395120735
895120745
1093120745
895120755
1396120755
896120805
696120815
895120815
1093120815
1396120815
394120825
897120825
1092120825
195120835
395120835
1394120835
197120845
394120845
1396120845
396120855
1095120855
1393120855
194120905
395120905
1396120905
197120915
392120915
1396120915
1395120925
395120935
394120945
195120955
394120955
897121005
396121015
1397121015
197121025
395121025
1391121025
393121035
1390121035
394121045
1391121045
395121055
1391121055
394121105
1389121105
394121115
1389121115
197121125
393121125
1394121125
396121135
1397121135
394121145
396121155
396121205
1095121205
394121215
1090121215
395121225
396121235
395121245
1397121245
1396121255
1397121305
395121315
197121325
395121325
394121335
893121335
196121355
396121355
197121405
1396121405
397121415
1396121415
196121425
397121425
396121435
195121445
396121445
194121455
395121455
396121505
395121515
396121535
395121545
893121545
1395121545
196121555
396121555
896121555
197121605
394121625
393121635
197121645
396121645
197121655
396121655
197121705
396121705
1396121705
195121715
244
395121715
397121725
1397121725
195121735
393121735
1397121735
396121755
394121805
1396121805
196121815
1396121815
1396121825
395121845
194121855
197121905
393121905
1391121905
396121915
1395121915
196121925
1396121925
1395121935
1395121955
195122005
195122015
1393122015
195122025
397122025
1397122025
191122035
1394122035
194122045
396122045
395122055
392122105
1392122105
197122115
395122115
396122125
395122135
1396122135
196122145
396122145
397122155
1394122155
394122205
1395122205
394122215
1395122215
196122225
395122225
196122235
394122235
1393122235
197122245
1397122245
396122255
196122305
396122305
1395122305
195122315
395122315
1395122315
197122325
1395122325
396122335
1395122335
395122345
1395122345
396122355
1395122355
394122405
197122415
197122425
394122425
397122435
397122545
1397122545
1397122555
1397122605
393122615
1396122615
1397122625
394122635
1396122635
1396122645
395122655
1395122655
1394122705
397122715
1387122715
197122725
396122725
1395122725
696122735
1394122735
692122745
1396122745
695122755
1396122755
697122805
1393122805
197122815
696122815
1395122815
196122825
697122825
1392122825
1394122835
196122845
1394122845
697122905
196122915
695122915
196122925
696122925
195122935
694122935
695122945
1395122945
191122955
1394122955
195123025
695123025
1394123025
197123035
1393123035
1396123045
697123105
1391123105
695123115
1397123115
197123125
696123125
1391123125
696123135
1391123135
1392123145
696123155
1094123155
1395123155
197123205
695123215
196123225
692123225
1395123225
195123235
789123235
197123245
1092123245
1395123245
694123255
1095123255
1394123255
693123305
1097123305
695123315
1394123315
197123325
695123325
895123325
1393123325
194123335
697123335
887123335
1393123335
197123345
196123355
691123355
894123355
696123405
896123405
196123415
695123415
896123425
892123435
1093123435
896123445
695123455
897123455
694123505
897123505
1094123505
697123515
896123515
1096123515
194123525
697123525
896123525
197123535
895123535
1096123545
897123555
895123605
196123635
195123645
196123715
194123725
196123735
194123745
194123755
190123805
894123815
893123825
892123905
897123915
896123945
895124015
1497124015
896124025
896124035
896124145
894124155
895124205
395124455
396124505
393124545
1095124625
697124645
696124845
696124935
1097125005
1091125105
697125135
695125145
896125145
697125155
196125205
696125205
695125225
696125235
896125235
397125255
697125255
897125255
696125305
895125305
696125315
894125325
896125335
243
697125355
1096125655
1094125715
696125725
1096125815
1093125845
696125925
896130005
897130015
897130105
894130345
696130355
896130355
697130405
897130505
697130725
896130815
692130835
693130915
695130935
697130945
397130955
696130955
694131005
694131015
695131025
692131115
694131145
395131155
696131155
893131235
696131245
897131305
397131325
695131345
695131355
391131435
396131445
884131445
391131455
694131455
886131455
391131505
693131505
882131505
394131515
882131515
890131525
389131535
696131535
896131535
694131545
895131545
895131555
892131605
893131615
392131625
896131625
896131635
696131645
693131655
396131705
696131705
895131705
395131715
695131715
894131715
397131725
895131725
697131735
894131735
896131745
894131755
696131805
896131805
893131815
695131825
892131825
694131835
892131835
690131845
893131845
395131855
692131855
892131855
695131905
894131905
893131915
697131925
893131925
697131935
896131935
895131945
697131955
696132005
693132015
894132015
695132025
895132025
696132035
694132045
896132045
695132055
696132105
896132105
896132125
896132135
895132145
895132155
695132205
893132205
893132235
1095132245
896132305
895132325
894132335
894132345
894132355
894132405
893132415
896132425
896132435
897132445
897132455
895132505
391132515
895132515
395132525
895132525
897132535
897132545
394132555
896132605
397132615
897132635
897132645
395132705
897132705
397132715
896132715
395132725
896132725
694132735
895132735
896132745
896132755
896132805
696132815
896132815
896132825
895132835
896132845
894132935
896132945
892132955
897133005
695133015
892133015
695133025
888133025
891133035
892133045
891133055
697133105
894133105
696133205
695133215
695133225
696133235
697133245
696133255
696133305
697133445
697133455
896133515
696133525
896133525
896133535
694133625
697133645
697133655
896133715
697133725
697133735
894133735
697133755
894133755
896133805
893133815
695133825
697133835
895133905
895133925
695133935
895133935
696134015
695134315
697134325
697134345
696134425
697134435
696134455
897134455
694134505
697134515
894134515
697134605
694134615
694134625
896134625
693134635
1296134635
697134645
894134705
1296135125
397135135
396135215
697135245
695135255
695135305
697135405
695135705
696135715
697135725
696135735
696135835
697135845
395140205
896140215
1295140215
897140225
896140235
693140245
897140245
895140455
397140505
395140515
893140515
397140545
396140615
242
897140625
696140635
895140635
897140755
397140825
895140825
395140835
396140845
894140845
894140905
896140915
697141015
895141015
894141025
697141045
897141045
895141055
896141105
395141115
894141115
697141125
697141145
894141215
893141225
894141235
896141245
896141255
894141335
396141425
890141445
896141455
896141505
897141515
896141525
1297141525
397141545
892141545
394141555
894141555
892141605
893141615
895141625
895141635
895141645
892141655
893141745
892141805
892141815
897141825
1296141905
397141915
393141925
893141925
892141935
891141945
892141955
892142045
895142055
894142115
895142125
894142135
894142145
895142155
894142205
893142215
892142225
892142235
893142245
891142255
892142355
696142425
896142435
897142445
896142505
894142525
894142535
894142545
397142625
893142645
896142655
891142705
895142735
893142745
395142815
892142815
395142825
893142825
694142835
890142835
696142905
692142915
692142925
691142935
396142945
687143005
892143005
697143015
391143025
396143035
893143035
389143045
895143045
892143055
894143105
896143115
890143125
392143135
394143145
894143225
393143235
896143235
397143245
897143245
893143255
894143335
894143345
894143355
893143405
895143415
893143425
893143435
896143505
890143515
397143535
895143535
695143545
695143555
696143615
695143715
392143725
396143735
397143745
694143835
692143845
696143855
689143905
694143915
693143925
695143935
694144005
696144025
696144105
-1
-1
-1
-1
-1
-1
-1
-1
-1
-1
-1
-1
-1
-1
-1
-1
-1
-1
-1
-1
-1
-1
-1
-1
-1
-1
-1
-1
-1
-1
-1
-1
-1
-1
-1
-1
-1
-1
-1
-1
-1
-1
-1
-1
-1
-1
-1
-1
-1
-1
-1
-1
-1
-1
-1
-1
-1
-1
-1
-1
-1
-1
-1
-1
-1
-1
-1
-1
-1
-1
-1
-1
-1
-1
-1
-1
-1
-1
-1
-1
-1
-1
-1
-1
-1
-1
-1
-1
-1
-1
-1
-1
-1
-1
-1
-1
-1
-1
241
-1
-1
-1
-1
-1
-1
-1
-1
-1
-1
-1
-1
-1
-1
-1
-1
-1
-1
-1
-1
-1
-1
-1
-1
-1
-1
-1
-1
-1
-1
-1
-1
-1
-1
-1
-1
-1
-1
-1
-1
-1
-1
-1
-1
-1
-1
-1
-1
-1
-1
-1
-1
-1
-1
-1
-1
-1
-1
-1
-1
-1
-1
-1
-1
-1
-1
-1
-1
-1
-1
-1
-1
-1
-1
-1
-1
-1
-1
-1
-1
-1
-1
-1
-1
-1
-1
-1
-1
-1
-1
-1
-1
-1
-1
-1
-1
-1
-1
-1
-1
-1
-1
-1
-1
-1
-1
-1
-1
-1
-1
-1
-1
-1
-1
-1
-1
-1
-1
-1
-1
-1
-1
-1
-1
-1
-1
-1
-1
-1
-1
-1
-1
-1
-1
-1
-1
-1
-1
-1
-1
-1
-1
-1
-1
-1
-1
-1
-1
-1
-1
-1
-1
-1
-1
-1
-1
-1
-1
-1
-1
-1
-1
-1
-1
-1
-1
-1
-1
-1
-1
-1
-1
-1
-1
-1
-1
-1
-1
-1
-1
-1
-1
-1
-1
-1
-1
-1
-1
-1
-1
-1
-1
-1
-1
-1
-1
-1
-1
-1
-1
-1
-1
-1
-1
-1
-1
-1
-1
-1
-1
-1
-1
-1
-1
-1
-1
-1
-1
-1
-1
-1
-1
-1
-1
-1
-1
-1
-1
-1
-1
-1
-1
-1
-1
-1
-1
-1
-1
-1
-1
240
-1
-1
-1
-1
-1
-1
-1
-1
-1
-1
-1
-1
-1
-1
-1
-1
-1
-1
-1
-1
-1
-1
-1
-1
-1
-1
-1
-1
-1
-1
-1
-1
-1
-1
-1
-1
-1
-1
-1
-1
-1
-1
-1
-1
-1
-1
-1
-1
-1
-1
-1
-1
-1
-1
-1
-1
-1
-1
-1
-1
-1
-1
-1
-1
-1
-1
-1
-1
-1
-1
-1
-1
-1
-1
-1
-1
-1
-1
-1
-1
-1
-1
-1
-1
-1
-1
-1
-1
-1
-1
-1
-1
-1
-1
-1
-1
-1
-1
-1
-1
-1
-1
-1
-1
-1
-1
-1
-1
-1
-1
-1
-1
-1
-1
-1
-1
-1
-1
-1
-1
-1
-1
-1
-1
-1
-1
-1
-1
-1
-1
-1
-1
-1
-1
-1
-1
-1
-1
-1
-1
-1
-1
-1
-1
-1
-1
-1
-1
-1
-1
-1
-1
-1
-1
-1
-1
-1
-1
-1
-1
-1
-1
-1
-1
-1
-1
-1
-1
-1
-1
-1
-1
-1
-1
-1
-1
-1
-1
-1
-1
-1
-1
-1
-1
-1
-1
-1
-1
-1
-1
-1
-1
-1
-1
-1
-1
-1
-1
-1
-1
-1
-1
-1
-1
-1
-1
-1
-1
-1
-1
-1
-1
-1
-1
-1
-1
-1
-1
-1
-1
-1
-1
-1
-1
-1
-1
-1
-1
-1
-1
-1
-1
-1
-1
-1
-1
-1
-1
-1
-1
239
-1
-1
-1
-1
-1
-1
-1
-1
-1
-1
-1
-1
-1
-1
-1
-1
-1
-1
-1
-1
-1
-1
-1
-1
-1
-1
-1
-1
-1
-1
-1
-1
-1
-1
-1
-1
-1
-1
-1
-1
-1
-1
-1
-1
-1
-1
-1
-1
-1
-1
-1
-1
-1
-1
-1
-1
-1
-1
-1
-1
-1
-1
-1
-1
-1
-1
-1
-1
-1
-1
-1
-1
-1
-1
-1
-1
-1
-1
-1
-1
-1
-1
-1
-1
-1
-1
-1
-1
-1
-1
-1
-1
-1
-1
-1
-1
-1
-1
-1
-1
-1
-1
-1
-1
-1
-1
-1
-1
-1
-1
-1
-1
-1
-1
-1
-1
-1
-1
-1
-1
-1
-1
-1
-1
-1
-1
-1
-1
-1
-1
-1
-1
-1
-1
-1
-1
-1
-1
-1
-1
-1
-1
-1
-1
-1
-1
-1
-1
-1
-1
-1
-1
-1
-1
-1
-1
-1
-1
-1
-1
-1
-1
-1
-1
-1
-1
-1
-1
-1
-1
-1
-1
-1
-1
-1
-1
-1
-1
-1
-1
-1
-1
-1
-1
-1
-1
-1
-1
-1
-1
-1
-1
-1
-1
-1
-1
-1
-1
-1
-1
-1
-1
-1
-1
-1
-1
-1
-1
-1
-1
-1
-1
-1
-1
-1
-1
-1
-1
-1
-1
-1
-1
-1
-1
-1
-1
-1
-1
-1
-1
-1
-1
-1
-1
-1
-1
-1
-1
-1
-1
238
-1
-1
-1
-1
-1
-1
-1
-1
-1
-1
-1
-1
-1
-1
-1
-1
-1
-1
-1
-1
-1
-1
-1
-1
-1
-1
-1
-1
-1
-1
-1
-1
-1
-1
-1
-1
-1
-1
-1
-1
-1
-1
-1
-1
-1
-1
-1
-1
-1
-1
-1
-1
-1
-1
-1
-1
-1
-1
-1
-1
-1
-1
-1
-1
-1
-1
-1
-1
-1
-1
-1
-1
-1
-1
-1
-1
-1
-1
-1
-1
-1
-1
-1
-1
-1
-1
-1
-1
-1
-1
-1
-1
-1
-1
-1
-1
-1
-1
-1
-1
-1
-1
-1
-1
-1
-1
-1
-1
-1
-1
-1
-1
-1
-1
-1
-1
-1
-1
-1
-1
-1
-1
-1
-1
-1
-1
-1
-1
-1
-1
-1
-1
-1
-1
-1
-1
-1
-1
-1
-1
-1
-1
-1
-1
-1
-1
-1
-1
-1
-1
-1
-1
-1
-1
-1
-1
-1
-1
-1
-1
-1
-1
-1
-1
-1
-1
-1
-1
-1
-1
-1
-1
-1
-1
-1
-1
-1
-1
-1
-1
-1
-1
-1
-1
-1
-1
-1
-1
-1
-1
-1
-1
-1
-1
-1
-1
-1
-1
-1
-1
-1
-1
-1
-1
-1
-1
-1
-1
-1
-1
-1
-1
-1
-1
-1
-1
-1
-1
-1
-1
-1
-1
-1
-1
-1
-1
-1
-1
-1
-1
-1
-1
-1
-1
-1
-1
-1
-1
-1
-1
237
-1
-1
-1
-1
-1
-1
-1
-1
-1
-1
-1
-1
-1
-1
-1
-1
-1
-1
-1
-1
-1
-1
-1
-1
-1
-1
-1
-1
-1
-1
-1
-1
-1
-1
-1
-1
-1
-1
-1
-1
-1
-1
-1
-1
-1
-1
-1
-1
-1
-1
-1
-1
-1
-1
-1
-1
-1
-1
-1
-1
-1
-1
-1
-1
-1
-1
-1
-1
-1
-1
-1
-1
-1
-1
-1
-1
-1
-1
-1
-1
-1
-1
-1
-1
-1
-1
-1
-1
-1
-1
-1
-1
-1
-1
-1
-1
-1
-1
-1
-1
-1
-1
-1
-1
-1
-1
-1
-1
-1
-1
-1
-1
-1
-1
-1
-1
-1
-1
-1
-1
-1
-1
-1
-1
-1
-1
-1
-1
-1
-1
-1
-1
-1
-1
-1
-1
-1
-1
-1
-1
-1
-1
-1
-1
-1
-1
-1
-1
-1
-1
-1
-1
-1
-1
-1
-1
-1
-1
-1
-1
-1
-1
-1
-1
-1
-1
-1
-1
-1
-1
-1
-1
-1
-1
-1
-1
-1
-1
-1
-1
-1
-1
-1
-1
-1
-1
-1
-1
-1
-1
-1
-1
-1
-1
-1
-1
-1
-1
-1
-1
-1
-1
-1
-1
-1
-1
-1
-1
-1
-1
-1
-1
-1
-1
-1
-1
-1
-1
-1
-1
-1
-1
-1
-1
-1
-1
-1
-1
-1
-1
-1
-1
-1
-1
-1
-1
-1
-1
-1
-1
236
-1
-1
-1
-1
-1
-1
-1
-1
-1
-1
-1
-1
-1
-1
-1
-1
-1
-1
-1
-1
-1
-1
-1
-1
-1
-1
-1
-1
-1
-1
-1
-1
-1
-1
-1
-1
-1
-1
-1
-1
-1
-1
-1
-1
-1
-1
-1
-1
-1
-1
-1
-1
-1
-1
-1
-1
-1
-1
-1
-1
-1
-1
-1
-1
-1
-1
-1
-1
-1
-1
-1
-1
-1
-1
-1
-1
-1
-1
-1
-1
-1
-1
-1
-1
-1
-1
-1
-1
-1
-1
-1
-1
-1
-1
-1
-1
-1
-1
-1
-1
-1
-1
-1
-1
-1
-1
-1
-1
-1
-1
-1
-1
-1
-1
-1
-1
-1
-1
-1
-1
-1
-1
-1
-1
-1
-1
-1
-1
-1
-1
-1
-1
-1
-1
-1
-1
-1
-1
-1
-1
-1
-1
-1
-1
-1
-1
-1
-1
-1
-1
-1
-1
-1
-1
-1
-1
-1
-1
-1
-1
-1
-1
-1
-1
-1
-1
-1
-1
-1
-1
-1
-1
-1
-1
-1
-1
-1
-1
-1
-1
-1
-1
-1
-1
-1
-1
-1
-1
-1
-1
-1
-1
-1
-1
-1
-1
-1
-1
-1
-1
-1
-1
-1
-1
-1
-1
-1
-1
-1
-1
-1
-1
-1
-1
-1
-1
-1
-1
-1
-1
-1
-1
-1
-1
-1
-1
-1
-1
-1
-1
-1
-1
-1
-1
-1
-1
-1
-1
-1
-1
235
-1
-1
-1
-1
-1
-1
-1
-1
-1
-1
-1
-1
-1
-1
-1
-1
-1
-1
-1
-1
-1
-1
-1
-1
-1
-1
-1
-1
-1
-1
-1
-1
-1
-1
-1
-1
-1
-1
-1
-1
-1
-1
-1
-1
-1
-1
-1
-1
-1
-1
-1
-1
-1
-1
-1
-1
-1
-1
-1
-1
-1
-1
-1
-1
-1
-1
-1
-1
-1
-1
-1
-1
-1
-1
-1
-1
-1
-1
-1
-1
-1
-1
-1
-1
-1
-1
-1
-1
-1
-1
-1
-1
-1
-1
-1
-1
-1
-1
-1
-1
-1
-1
-1
-1
-1
-1
-1
-1
-1
-1
-1
-1
-1
-1
-1
-1
-1
-1
-1
-1
-1
-1
-1
-1
-1
-1
-1
-1
-1
-1
-1
-1
-1
-1
-1
-1
-1
-1
-1
-1
-1
-1
-1
-1
-1
-1
-1
-1
-1
-1
-1
-1
-1
-1
-1
-1
-1
-1
-1
-1
-1
-1
-1
-1
-1
-1
-1
-1
-1
-1
-1
-1
-1
-1
-1
-1
-1
-1
-1
-1
-1
-1
-1
-1
-1
-1
-1
-1
-1
-1
-1
-1
-1
-1
-1
-1
-1
-1
-1
-1
-1
-1
-1
-1
-1
-1
-1
-1
-1
-1
-1
-1
-1
-1
-1
-1
-1
-1
-1
-1
-1
-1
-1
-1
-1
-1
-1
-1
-1
-1
-1
-1
-1
-1
-1
-1
-1
-1
-1
-1
234
-1
-1
-1
-1
-1
-1
-1
-1
-1
-1
-1
-1
-1
-1
-1
-1
-1
-1
-1
-1
-1
-1
-1
-1
-1
-1
-1
-1
-1
-1
-1
-1
-1
-1
-1
-1
-1
-1
-1
-1
-1
-1
-1
-1
-ñ