Waiting for serial communication...
250
1193090005
1194090105
1191090135
1194090145
1191090205
1196090235
1196090315
1196090525
1193090615
1196090625
1192090655
1195091245
1192091815
1195091945
1195091955
1094092105
1496092645
1296092725
796092735
896092755
896092805
896092815
896092835
892092845
1496092845
695092855
894092855
1496092855
695092905
895092905
1496092905
695092915
896092915
1296092915
694092925
896092925
1295092925
893092935
1096092935
896092945
796092955
896092955
696093005
896093005
795093015
894093015
895093025
896093035
895093045
894093145
896093155
496093205
895093205
1095093205
696093215
891093215
894093225
1496093225
894093235
696093245
895093245
1296093245
895093255
1196093255
1296093255
1496093255
895093305
1190093305
895093315
1185093315
895093325
1184093325
895093335
1187093335
495093345
896093345
1194093345
894093355
890093405
894093415
1195093425
1196093435
796093445
1496093455
1196093505
1196093515
1192093525
396093615
696093625
896093625
396093635
396093645
396093655
896093655
996093655
395093705
896093705
395093715
395093725
895093735
896093745
894093815
396093855
896093855
696093925
1496093925
1496093935
296093945
696093945
1093093945
1194093945
1496093945
296093955
293094005
1496094005
294094025
1496094025
296094035
1496094035
296094045
1496094045
895094125
896094135
1196094135
1189094145
896094155
395094215
896094215
1095094215
1296094215
1496094305
294094335
1095094335
295094345
295094355
696094355
196094405
295094405
296094445
195094455
295094505
1596094545
193094615
1190094615
1194094625
696094715
696094745
196094755
193094805
196094815
1193094815
1196094825
196094835
496094835
696094835
1195094835
1190094845
1195094855
295094905
1195094905
295094915
1194094925
695094935
296094955
295095005
891095005
296095035
896095035
1191095035
295095045
896095045
295095055
896095055
1195095055
289095105
896095105
1196095105
295095115
694095115
895095115
1196095115
696095125
896095125
1195095125
196095135
696095135
896095135
1195095135
195095145
295095145
395095145
896095145
1196095145
195095155
895095155
1193095155
196095205
695095205
896095205
194095215
296095215
394095215
696095215
896095215
695095225
895095225
696095235
896095235
1095095235
296095245
396095245
1095095255
296095305
396095305
695095305
1495095305
395095315
696095315
196095325
295095325
395095325
696095325
896095325
1196095325
1496095325
395095335
896095335
896095345
1495095345
896095355
1495095355
694095405
895095405
1096095405
1495095405
296095415
895095415
1596095415
296095425
396095425
249
696095425
895095425
696095435
896095435
1196095435
1496095435
696095445
896095445
1496095445
696095455
896095455
195095505
696095505
896095505
696095515
896095515
1596095515
896095525
696095545
1191095545
1596095545
896095555
496095605
896095605
1296095605
895095615
696095625
895095625
1496095625
496095635
696095635
894095635
896095645
696095655
1596095655
896095705
1496095725
1596095725
496095735
796095735
896095735
1496095745
896095755
896095805
895095815
895095825
896095835
895095845
896095855
1296095855
695095915
895100005
696100025
895100025
696100105
796100105
894100105
695100115
895100115
695100125
895100125
696100135
896100135
696100145
896100145
196100155
696100215
696100255
895100255
1596100255
892100305
1095100305
1496100305
696100315
893100315
1496100315
895100325
1495100325
396100335
895100335
1096100335
1495100335
892100345
1095100345
1496100345
894100355
696100405
893100405
1095100405
892100415
1094100415
1194100415
1494100415
696100425
894100425
1191100425
1496100425
696100435
895100435
1195100435
1196100445
1195100455
696100505
1195100505
696100515
896100515
1195100525
1496100525
895100535
1496100535
895100545
696100555
895100555
396100605
696100605
896100605
1496100605
395100615
896100615
1496100615
396100625
895100625
895100635
895100645
896100655
896100705
896100715
696100725
895100725
696100735
396100745
693100745
496100755
695100755
695100805
1195100805
396100815
696100815
1187100815
696100825
1187100825
696100835
896100835
1189100835
396100845
396100855
696100855
896100855
396100905
1192100905
396100915
1195100915
1596100915
396100925
1195100925
396100935
896100935
396100945
396100955
296101005
396101005
895101005
1195101005
296101015
396101015
896101015
1196101015
1196101025
1196101035
694101045
396101055
694101055
294101105
393101105
693101105
1596101105
293101115
695101115
796101115
1495101115
296101125
1496101125
395101135
1495101135
494101145
796101145
1095101145
1495101145
495101155
1096101155
495101225
1496101245
1495101255
1495101305
196101345
190101355
695101355
194101405
191101415
292101415
295101425
196101435
295101435
896101435
1096101435
1195101435
294101445
894101445
1195101445
494101455
891101455
1195101455
896101505
696101515
895101515
696101525
896101525
495101535
896101535
696101545
896101545
896101555
696101605
896101605
896101615
896101625
896101635
896101645
696101655
895101655
896101705
696101715
896101715
896101725
896101735
896101745
796101755
896101755
696101805
896101805
248
896101815
896101825
696101835
896101835
896101845
295101855
896101855
1195101855
296101905
896101905
1185101905
296101915
696101915
896101915
1177101915
1195101925
296101935
894101935
696101945
894101945
891101955
1096101955
892102005
1093102005
696102015
893102015
1093102015
696102025
886102025
1093102025
887102035
1095102035
893102045
1095102045
892102055
1093102055
893102105
1094102105
495102115
888102115
1094102115
1196102115
895102125
1095102125
896102135
1095102135
1195102135
1095102145
1195102145
1095102155
1195102155
1095102205
1095102215
1095102225
1095102235
896102245
1096102245
1496102245
1096102255
1095102305
1493102305
195102315
1096102315
1491102315
696102345
1496102345
1495102355
1495102405
1096102415
1495102415
896102425
1495102425
496102435
896102435
1494102435
896102445
1493102445
1495102455
896102505
1496102505
296102515
796102515
896102515
1495102515
1496102525
295102535
1496102535
296102545
796102545
1496102545
696102555
894102555
1495102555
896102605
1495102605
296102615
696102615
895102615
1495102615
295102625
696102625
892102625
1496102625
295102635
696102635
892102635
1296102635
1495102635
290102645
696102645
894102645
1195102645
1495102645
895102655
1194102655
1496102655
894102705
1193102705
1495102705
796102715
896102715
1196102715
1495102715
296102725
396102725
696102725
896102725
1194102725
1495102725
696102735
896102735
1495102735
1495102745
1492102755
1096102805
1494102845
1495102855
896102905
1495102905
1495102915
896102925
1495102925
896102935
1495102935
896102945
1495102945
1495102955
1096103005
1494103005
896103015
1495103015
1495103025
495103035
1495103035
1495103045
1495103055
1495103105
1495103115
1495103125
1096103135
1495103135
295103145
1095103145
1494103145
296103155
1096103155
1496103155
196103205
295103205
296103215
1096103215
196103225
296103225
296103235
1196103255
495103305
894103305
196103315
795103315
890103325
1194103325
890103335
1196103335
194103345
291103345
889103345
1095103355
1196103355
896103415
896103425
896103445
1496103445
896103455
1193103455
1491103455
896103505
1494103505
895103515
1196103515
896103525
1195103525
1496103525
892103535
1496103535
895103545
296103605
1394103615
1396103625
895103645
1396103655
1492103655
1494103705
1493103715
1495103725
1494103735
1394103835
295103845
1395103845
193103855
292103855
1396103855
896103935
296104035
295104105
393104105
1395104105
396104115
494104115
1394104115
1395104125
196104135
1395104135
196104145
1396104145
196104155
896104155
1395104155
1396104205
1395104215
295104225
247
1395104225
1495104225
1396104235
293104245
1394104245
1395104255
1394104305
1395104315
1395104325
1395104335
196104345
1395104345
196104355
1395104355
194104405
1095104405
1395104405
1095104415
1395104415
196104425
1095104425
1395104425
1396104435
396104445
1395104445
391104455
1395104455
391104505
1395104505
395104515
1396104515
296104525
396104525
1396104525
296104535
395104535
1396104535
389104545
1095104545
1395104545
395104555
1396104555
296104605
395104605
1396104605
392104615
1396104615
388104625
1396104625
393104635
1396104635
391104645
1395104645
1396104705
391104715
1396104715
389104725
1395104725
395104735
1396104735
196104745
395104745
1395104745
391104755
1395104755
396104805
1395104805
393104815
1396104815
393104825
1396104825
395104835
1396104835
394104845
393104855
1396104855
393104905
393104915
1396104915
394104925
1396104925
391104935
1396104935
391104945
1396104945
391104955
1396104955
392105005
392105015
391105025
391105035
196105045
392105045
1396105045
294105055
393105055
1395105055
296105105
1394105105
391105125
896105125
1395105125
392105135
896105135
1496105135
394105145
1396105145
1492105145
394105155
1095105155
1396105155
393105205
1095105205
1496105205
393105215
1096105215
1396105215
393105225
1296105225
396105235
296105245
1494105245
395105255
1094105255
1396105255
292105305
393105305
896105305
1094105305
391105315
496105315
888105315
1093105315
1396105315
395105325
1094105325
1394105325
396105335
1094105335
394105345
1093105345
1396105345
394105355
1093105355
1196105355
394105405
1093105405
1395105405
395105415
1095105415
1396105415
395105425
1095105425
395105435
1092105435
1396105435
395105445
1092105445
1396105445
395105455
1396105455
394105505
1395105505
396105515
396105525
694105525
396105535
693105535
692105545
396105555
695105555
392105605
693105605
1096105605
392105615
695105615
1096105615
393105625
690105625
1096105625
391105635
492105645
1096105645
394105715
391105725
696105725
1396105725
396105735
396105745
696105745
1396105745
395105755
695105755
1096105755
696105805
796105805
1396105805
395105815
696105815
1396105815
393105825
1395105825
395105835
696105835
1393105835
391105845
1095105845
1395105845
384105855
1096105855
1395105855
386105905
1395105905
387105915
1096105915
1390105915
396105925
1396105925
395105935
395105945
1096105945
389110005
696110015
1396110025
391110035
696110035
1396110035
1095110045
1396110055
1096110125
694110145
1096110145
1396110145
695110155
894110155
1096110155
1394110155
895110205
1096110205
891110215
246
1096110215
1096110235
1392110255
1396110305
395110325
1396110325
395110355
792110355
395110405
795110405
394110415
391110425
394110435
796110445
1094110445
394110505
196110515
195110525
696110525
796110525
196110535
692110535
195110545
396110545
495110545
192110555
696110555
696110605
295110615
694110615
294110625
496110625
1496110635
295110645
295110655
194110705
295110705
292110715
196110735
294110735
196110745
292110745
1095110745
296110805
396110805
1095110805
195110815
396110815
196110825
396110825
196110835
296110835
1396110835
1396110845
295110855
696110905
796110905
695110915
1395110915
695110925
695110935
193110945
195110955
295111005
896111005
1095111005
896111015
1095111015
196111045
296111045
495111055
1494111115
296111135
1495111145
296111155
1094111225
1489111225
295111235
293111245
1496111245
295111255
893111255
1095111255
295111305
895111305
196111315
396111315
896111315
196111325
293111325
196111335
696111335
889111335
1095111335
1395111335
695111345
889111345
1091111345
1496111345
895111355
1095111355
1396111355
695111405
896111405
1395111405
1496111405
1495111415
896111425
196111445
1096111445
1396111445
196111455
896111455
196111505
696111515
695111525
1095111525
696111535
896111535
1096111535
896111545
1096111545
696111555
896111555
1095111555
896111605
1096111605
796111615
896111615
1095111615
895111625
1095111625
895111635
1095111635
696111645
896111645
1096111645
1095111655
1095111705
296111715
695111715
895111715
1095111715
1096111735
896111745
1095111745
696111755
896111755
1095111755
896111805
1095111805
895111815
894111825
1092111825
886111835
1095111835
889111845
889111855
695111905
889111905
1096111905
696111915
890111915
891111925
887111935
887111945
1094111945
1395111945
887111955
887112005
887112015
892112025
890112035
890112045
894112055
892112105
892112115
496112135
888112135
296112145
894112145
894112155
883112205
296112215
890112215
890112225
890112235
889112245
888112255
1395112255
96112305
894112305
1095112305
1396112305
893112315
890112325
1396112325
896112335
896112345
1096112355
1395112355
887112405
1396112405
894112415
296112425
891112425
296112435
694112435
894112435
295112445
696112445
886112445
695112455
887112455
1392112455
889112505
1390112505
696112515
892112515
1391112515
894112525
888112535
892112545
895112555
889112605
890112615
296112625
893112625
296112635
692112635
891112635
196112645
894112645
194112655
894112655
894112705
894112715
888112725
1390112725
892112735
245
892112745
895112755
894112805
895112815
892112825
1396112825
896112835
1394112835
890112845
1396112845
890112855
696112905
891112905
1396112905
890112915
891112925
892112935
896112945
891112955
296113005
894113005
896113015
695113025
1396113025
296113045
296113055
296113105
296113115
693113115
896113115
1392113125
1496113125
295113135
694113135
1394113135
396113145
1395113145
1395113155
296113205
1396113205
1396113215
1395113225
1295113235
1395113235
696113245
1295113245
1395113245
1296113255
1396113325
1396113335
691113405
694113415
1494113415
695113425
1396113425
1395113445
1295113515
1296113525
1396113525
188113535
694113535
1296113535
1396113535
696113545
1296113545
1296113555
195113605
194113615
892113615
1396113615
1296113625
695113635
1296113635
1396113635
1295113645
696113655
1296113655
1295113705
396113745
393113805
1494113805
1496113815
296113825
393113825
694113825
1495113825
1396113835
1496113835
694113845
1495113845
296113855
1495113855
296113905
395113905
696113905
1496113905
296113915
696113915
1496113915
296113925
1495113925
196113945
1296113945
296113955
296114005
293114015
895114015
1296114025
1296114035
196114045
896114045
1096114045
1296114045
896114055
1095114055
196114105
894114105
195114115
893114115
1096114115
1396114115
895114125
1096114125
196114135
695114135
896114135
1296114135
1396114135
196114145
293114145
396114145
695114145
892114145
1494114145
496114205
796114205
1496114205
696114215
1494114215
692114235
1396114235
196114245
696114245
1495114245
1396114305
1396114315
1496114315
1295114325
1396114325
1396114335
1396114345
1396114725
1390114735
1394114755
1395114925
696114955
696115125
694115135
695115145
1396115145
1395115155
696115205
196115215
695115215
1396115215
694115225
1395115225
695115235
1395115235
695115255
1396115255
694115305
1391115305
695115315
1393115315
693115325
1394115325
696115335
1396115335
896115355
696115445
1396115455
396115515
696115525
1396115525
695115535
695115545
196115555
686115555
194115605
692115605
1396115605
196115615
692115615
1395115615
696115625
1395115625
193115635
688115635
1394115635
695115645
1395115645
694115655
696115705
194115715
1396115715
695115725
1096115735
194115745
196115755
1096115755
694115815
1390115815
695115825
1396115825
193115835
196115845
695115845
896115845
696115855
196115905
694115905
796115905
896115905
1396115905
195115915
695115915
896115915
1396115915
195115925
896115925
1395115925
196115935
696115935
896115935
696115945
896115945
1395115945
192115955
694115955
244
696120005
1395120005
191120015
693120025
1396120025
193120035
695120035
1391120035
695120045
896120045
896120055
1396120055
896120105
1395120105
196120115
896120115
1396120115
896120125
1396120125
194120145
896120145
193120215
696120345
695120355
693120405
1396120415
695120425
691120435
896120435
1396120445
696120455
1395120455
696120505
1396120505
1395120515
696120525
1395120525
1395120535
696120545
896120545
1395120545
496120555
696120555
1396120555
1496120555
195120605
696120605
1394120605
195120615
696120615
890120615
1394120615
194120625
1396120625
195120635
394120635
893120635
1396120635
194120645
394120645
1393120645
193120655
395120655
689120655
1393120655
194120705
390120705
694120705
1394120705
1596120705
395120715
895120715
1395120715
695120725
1395120725
696120735
895120735
1394120735
893120745
1395120745
495120755
891120755
1395120755
1395120805
1596120805
196120815
396120815
895120815
1396120815
196120825
395120825
796120825
1395120825
1596120825
195120835
395120835
1396120835
195120845
396120845
1394120845
196120855
394120855
1094120855
1395120855
195120905
395120905
496120905
1395120905
195120915
396120915
496120915
194120925
395120925
496120925
192120935
395120935
1395120935
195120945
393120945
195120955
396120955
495120955
395121005
896121005
395121015
496121015
195121025
395121025
1396121025
196121035
395121035
195121045
395121045
196121055
396121055
196121105
395121105
196121115
395121115
195121125
396121125
496121125
1394121125
396121135
1096121135
1395121135
1396121145
396121205
394121215
395121225
1396121225
395121235
1194121235
1396121235
396121245
896121245
196121255
396121305
396121315
196121325
395121325
896121325
196121335
395121335
1396121335
196121345
394121345
892121345
1396121345
395121355
1396121355
395121405
896121405
395121415
896121415
1396121415
196121425
394121425
896121425
196121435
395121435
195121445
395121445
1393121445
1495121445
195121455
396121455
195121505
394121515
393121525
394121535
395121545
891121545
1394121545
196121555
396121555
896121555
196121605
395121605
196121615
396121615
196121625
395121625
395121635
1396121635
196121645
396121645
1393121645
396121655
196121705
396121705
1396121705
395121715
196121725
395121725
1396121725
196121735
396121735
1396121735
1596121735
395121745
196121755
196121805
195121815
395121815
196121825
395121835
195121855
395121855
194121905
395121905
1395121905
395121915
196121925
396121925
1396121925
396121945
496121945
196121955
395121955
243
196122005
395122005
196122015
396122015
1396122015
195122025
396122025
496122025
1395122025
196122035
395122035
1394122035
196122045
394122045
1396122045
395122055
1394122055
396122105
1394122105
395122115
1395122115
1395122125
396122135
1395122135
196122145
396122145
1395122145
396122155
1395122155
395122205
495122205
1395122205
396122215
1393122215
196122225
1395122225
196122235
396122235
1394122235
196122245
396122245
196122255
394122255
1596122255
196122305
396122305
1396122305
195122315
391122315
1396122315
195122325
395122325
1395122325
196122335
396122335
1396122335
395122345
1396122345
395122355
1396122355
1596122355
395122405
1394122405
1596122405
396122415
1395122415
396122425
1394122425
395122435
1394122435
395122445
1396122445
1396122525
1596122535
393122545
1396122545
394122555
1395122555
1393122605
395122615
1393122615
395122625
1393122625
393122635
1394122635
1394122645
1296122655
1395122655
696122705
1394122705
196122715
696122715
1396122715
395122725
1395122725
1395122735
1596122735
695122745
1395122745
196122755
696122755
1393122755
696122805
1393122805
196122815
695122815
1393122815
195122825
1393122825
195122835
1396122835
195122845
1394122845
195122855
1396122855
195122905
195122915
695122915
196122925
696122925
196122935
696122935
696122945
1395122945
696122955
1395122955
196123005
196123015
696123015
196123025
696123025
1394123025
195123035
1395123035
196123045
1393123045
196123055
696123055
1396123055
696123105
1395123105
696123125
1395123125
696123135
1395123135
1395123145
196123155
1095123155
1395123155
1396123205
196123215
695123215
1396123215
196123225
691123225
1395123225
196123235
694123235
1396123235
194123245
696123245
1395123245
696123255
1395123255
691123305
1095123305
1395123305
688123315
896123315
1394123315
191123325
696123325
896123325
1394123325
194123335
696123335
896123335
1094123335
1396123335
194123345
896123345
195123355
695123355
896123355
196123405
689123405
895123405
194123415
696123415
196123425
1396123425
196123435
893123435
1093123435
895123445
695123455
896123455
696123505
896123505
1095123505
895123515
195123525
895123525
195123535
891123535
1095123545
795123555
896123555
894123605
195123645
195123705
189123715
193123725
192123735
195123755
195123805
895123815
890123825
896123835
1496123855
894123905
1495123905
893123915
896124015
893124025
896124045
896124145
891124155
395124455
196124525
396124545
1096124625
1095124635
1095124645
696124935
696124945
896125015
896125025
896125055
1096125105
242
896125115
1094125115
1095125135
696125145
695125205
696125225
896125225
896125235
696125255
696125325
1096125405
1092125425
1091125435
1095125445
1094125635
1096125845
696130335
896130345
896130405
896130415
896130425
896130435
896130505
695130915
695130925
692130935
695130945
695130955
693131005
694131015
695131025
693131115
693131145
693131155
696131225
896131225
696131235
896131235
895131245
895131255
696131305
888131305
696131315
891131315
395131325
893131325
394131335
696131335
893131335
395131345
891131345
395131355
696131355
893131355
896131405
396131415
890131415
395131425
890131425
1295131425
893131435
695131455
396131505
694131505
895131505
395131515
696131515
894131515
895131525
395131535
889131535
395131545
695131545
887131545
395131555
891131555
395131605
895131605
1296131605
395131615
895131615
395131625
696131635
895131635
695131645
896131645
696131655
894131655
695131705
896131705
396131715
696131715
896131715
896131725
695131735
896131735
696131805
894131805
895131815
893131825
695131835
894131835
694131845
895131845
693131855
893131855
695131905
895131905
895131915
894131925
1596131935
895131945
694132005
695132015
894132015
686132025
692132035
1296132045
1296132055
694132105
696132115
896132145
894132155
696132205
894132205
896132215
896132235
1096132245
893132305
795132315
896132315
896132325
896132345
896132355
896132405
1296132405
895132415
1296132415
895132425
696132435
895132435
895132445
895132455
896132505
396132515
895132515
395132525
895132525
396132535
895132535
895132545
895132555
895132605
395132615
395132705
396132715
395132725
696132735
796132735
896132805
896132815
896132825
895132835
896132845
895132925
893132945
696132955
895132955
896133005
894133015
896133025
894133035
895133045
895133105
696133455
896133515
895133525
696133625
896133625
894133755
896133805
895133815
696133845
795133905
894133905
896133925
896133935
696133945
696134105
696134145
795134245
696134305
796134425
895134445
696134455
894134455
894134505
893134515
696134535
696134545
696134625
895134625
696134635
894134635
696134645
895134645
895134655
895134705
395134915
1296135145
1296135235
1296135315
696135405
1296135455
796135615
696135935
696140015
1296140045
1296140145
889140215
896140225
696140245
1296140255
893140455
393140515
896140515
395140535
395140615
895140625
692140635
896140635
696140645
896140805
896140815
896140825
395140835
396140845
696140905
894140905
896140925
241
396140935
696140945
696140955
896140955
696141005
696141015
896141015
396141025
696141025
696141035
696141045
895141045
696141055
894141055
696141105
396141115
696141115
896141115
394141125
696141125
895141125
696141135
896141135
896141155
896141205
894141215
893141225
1296141225
696141235
896141235
894141245
896141255
895141305
696141325
696141335
695141345
894141445
696141455
894141455
896141505
696141535
896141545
895141555
896141605
894141615
896141625
1296141635
895141645
893141655
896141745
895141805
895141815
896141825
396141915
393141925
895141925
896141935
894141945
895142045
895142055
896142105
896142115
896142125
896142135
896142145
896142155
896142215
896142225
896142235
895142245
895142255
896142355
896142505
896142515
896142525
895142535
894142545
896142615
296142625
396142625
896142645
896142655
894142705
896142725
895142735
895142745
896142755
395142815
894142815
894142825
396142835
696142835
895142835
896142845
696142855
696142905
696142915
695142925
694142935
695143005
895143005
896143015
394143025
896143025
396143035
895143055
895143105
895143125
396143135
396143145
895143225
395143235
895143235
395143245
896143245
894143255
796143325
895143335
895143345
893143355
896143405
894143415
895143425
895143435
896143455
396143505
894143515
896143525
694143545
896143555
390143615
896143635
-1
-1
-1
-1
-1
-1
-1
-1
-1
-1
-1
-1
-1
-1
-1
-1
-1
-1
-1
-1
-1
-1
-1
-1
-1
-1
-1
-1
-1
-1
-1
-1
-1
-1
-1
-1
-1
-1
-1
-1
-1
-1
-1
-1
-1
-1
-1
-1
-1
-1
-1
-1
-1
-1
-1
-1
-1
-1
-1
-1
-1
-1
-1
-1
-1
-1
-1
-1
-1
-1
-1
-1
-1
-1
-1
-1
-1
-1
-1
-1
-1
-1
-1
-1
-1
-1
-1
-1
-1
-1
-1
-1
-1
-1
-1
-1
-1
-1
-1
-1
-1
-1
-1
-1
-1
-1
-1
-1
240
-1
-1
-1
-1
-1
-1
-1
-1
-1
-1
-1
-1
-1
-1
-1
-1
-1
-1
-1
-1
-1
-1
-1
-1
-1
-1
-1
-1
-1
-1
-1
-1
-1
-1
-1
-1
-1
-1
-1
-1
-1
-1
-1
-1
-1
-1
-1
-1
-1
-1
-1
-1
-1
-1
-1
-1
-1
-1
-1
-1
-1
-1
-1
-1
-1
-1
-1
-1
-1
-1
-1
-1
-1
-1
-1
-1
-1
-1
-1
-1
-1
-1
-1
-1
-1
-1
-1
-1
-1
-1
-1
-1
-1
-1
-1
-1
-1
-1
-1
-1
-1
-1
-1
-1
-1
-1
-1
-1
-1
-1
-1
-1
-1
-1
-1
-1
-1
-1
-1
-1
-1
-1
-1
-1
-1
-1
-1
-1
-1
-1
-1
-1
-1
-1
-1
-1
-1
-1
-1
-1
-1
-1
-1
-1
-1
-1
-1
-1
-1
-1
-1
-1
-1
-1
-1
-1
-1
-1
-1
-1
-1
-1
-1
-1
-1
-1
-1
-1
-1
-1
-1
-1
-1
-1
-1
-1
-1
-1
-1
-1
-1
-1
-1
-1
-1
-1
-1
-1
-1
-1
-1
-1
-1
-1
-1
-1
-1
-1
-1
-1
-1
-1
-1
-1
-1
-1
-1
-1
-1
-1
-1
-1
-1
-1
-1
-1
-1
-1
-1
-1
-1
-1
-1
-1
-1
-1
-1
-1
-1
-1
-1
-1
-1
-1
-1
-1
-1
-1
-1
-1
239
-1
-1
-1
-1
-1
-1
-1
-1
-1
-1
-1
-1
-1
-1
-1
-1
-1
-1
-1
-1
-1
-1
-1
-1
-1
-1
-1
-1
-1
-1
-1
-1
-1
-1
-1
-1
-1
-1
-1
-1
-1
-1
-1
-1
-1
-1
-1
-1
-1
-1
-1
-1
-1
-1
-1
-1
-1
-1
-1
-1
-1
-1
-1
-1
-1
-1
-1
-1
-1
-1
-1
-1
-1
-1
-1
-1
-1
-1
-1
-1
-1
-1
-1
-1
-1
-1
-1
-1
-1
-1
-1
-1
-1
-1
-1
-1
-1
-1
-1
-1
-1
-1
-1
-1
-1
-1
-1
-1
-1
-1
-1
-1
-1
-1
-1
-1
-1
-1
-1
-1
-1
-1
-1
-1
-1
-1
-1
-1
-1
-1
-1
-1
-1
-1
-1
-1
-1
-1
-1
-1
-1
-1
-1
-1
-1
-1
-1
-1
-1
-1
-1
-1
-1
-1
-1
-1
-1
-1
-1
-1
-1
-1
-1
-1
-1
-1
-1
-1
-1
-1
-1
-1
-1
-1
-1
-1
-1
-1
-1
-1
-1
-1
-1
-1
-1
-1
-1
-1
-1
-1
-1
-1
-1
-1
-1
-1
-1
-1
-1
-1
-1
-1
-1
-1
-1
-1
-1
-1
-1
-1
-1
-1
-1
-1
-1
-1
-1
-1
-1
-1
-1
-1
-1
-1
-1
-1
-1
-1
-1
-1
-1
-1
-1
-1
-1
-1
-1
-1
-1
-1
238
-1
-1
-1
-1
-1
-1
-1
-1
-1
-1
-1
-1
-1
-1
-1
-1
-1
-1
-1
-1
-1
-1
-1
-1
-1
-1
-1
-1
-1
-1
-1
-1
-1
-1
-1
-1
-1
-1
-1
-1
-1
-1
-1
-1
-1
-1
-1
-1
-1
-1
-1
-1
-1
-1
-1
-1
-1
-1
-1
-1
-1
-1
-1
-1
-1
-1
-1
-1
-1
-1
-1
-1
-1
-1
-1
-1
-1
-1
-1
-1
-1
-1
-1
-1
-1
-1
-1
-1
-1
-1
-1
-1
-1
-1
-1
-1
-1
-1
-1
-1
-1
-1
-1
-1
-1
-1
-1
-1
-1
-1
-1
-1
-1
-1
-1
-1
-1
-1
-1
-1
-1
-1
-1
-1
-1
-1
-1
-1
-1
-1
-1
-1
-1
-1
-1
-1
-1
-1
-1
-1
-1
-1
-1
-1
-1
-1
-1
-1
-1
-1
-1
-1
-1
-1
-1
-1
-1
-1
-1
-1
-1
-1
-1
-1
-1
-1
-1
-1
-1
-1
-1
-1
-1
-1
-1
-1
-1
-1
-1
-1
-1
-1
-1
-1
-1
-1
-1
-1
-1
-1
-1
-1
-1
-1
-1
-1
-1
-1
-1
-1
-1
-1
-1
-1
-1
-1
-1
-1
-1
-1
-1
-1
-1
-1
-1
-1
-1
-1
-1
-1
-1
-1
-1
-1
-1
-1
-1
-1
-1
-1
-1
-1
-1
-1
-1
-1
-1
-1
-1
-1
237
-1
-1
-1
-1
-1
-1
-1
-1
-1
-1
-1
-1
-1
-1
-1
-1
-1
-1
-1
-1
-1
-1
-1
-1
-1
-1
-1
-1
-1
-1
-1
-1
-1
-1
-1
-1
-1
-1
-1
-1
-1
-1
-1
-1
-1
-1
-1
-1
-1
-1
-1
-1
-1
-1
-1
-1
-1
-1
-1
-1
-1
-1
-1
-1
-1
-1
-1
-1
-1
-1
-1
-1
-1
-1
-1
-1
-1
-1
-1
-1
-1
-1
-1
-1
-1
-1
-1
-1
-1
-1
-1
-1
-1
-1
-1
-1
-1
-1
-1
-1
-1
-1
-1
-1
-1
-1
-1
-1
-1
-1
-1
-1
-1
-1
-1
-1
-1
-1
-1
-1
-1
-1
-1
-1
-1
-1
-1
-1
-1
-1
-1
-1
-1
-1
-1
-1
-1
-1
-1
-1
-1
-1
-1
-1
-1
-1
-1
-1
-1
-1
-1
-1
-1
-1
-1
-1
-1
-1
-1
-1
-1
-1
-1
-1
-1
-1
-1
-1
-1
-1
-1
-1
-1
-1
-1
-1
-1
-1
-1
-1
-1
-1
-1
-1
-1
-1
-1
-1
-1
-1
-1
-1
-1
-1
-1
-1
-1
-1
-1
-1
-1
-1
-1
-1
-1
-1
-1
-1
-1
-1
-1
-1
-1
-1
-1
-1
-1
-1
-1
-1
-1
-1
-1
-1
-1
-1
-1
-1
-1
-1
-1
-1
-1
-1
-1
-1
-1
-1
-1
-1
236
-1
-1
-1
-1
-1
-1
-1
-1
-1
-1
-1
-1
-1
-1
-1
-1
-1
-1
-1
-1
-1
-1
-1
-1
-1
-1
-1
-1
-1
-1
-ñ