Waiting for serial communication...
250
1195090115
1099090125
1191090155
1099090215
1194090235
1099090245
1193090245
1098090255
1196090255
1099090305
1194090315
1099090325
1196090325
1099090335
1099090345
1099090355
1099090405
1099090415
1099090425
1099090435
1099090445
1099090455
1099090505
1099090515
1099090525
1099090535
1191090535
1099090545
1196090545
1099090555
1197090555
1099090615
1197090615
1098090625
1099090635
1099090645
1099090655
1098090705
1098090715
1099090725
1099090735
1099090745
1099090755
1099090805
1099090815
1099090825
1099090835
1099090845
1099090855
1099090905
1099090915
1099090925
1099090935
1099090945
1099090955
1099091005
1099091015
1099091025
1099091035
1097091125
1096091135
1096091145
1194091205
1198091245
1198091255
1097091305
1095091315
1199091725
1188091755
1197091805
1099091815
1194091815
1097091845
1099091905
1098091915
1098091925
1097091945
1098092015
1098092025
898092845
898092855
898092905
694092925
692092935
899092935
696092945
895092945
1299092945
692092955
1298092955
694093005
895093005
1299093005
694093015
694093025
695093035
497093045
691093045
499093055
693093055
694093105
691093115
690093125
694093135
1299093135
693093145
1299093145
498093155
689093155
892093155
895093205
494093215
897093215
497093225
898093235
498093335
898093345
1198093345
899093355
1495093355
1496093405
1498093415
1197093445
1197093505
1197093515
898093625
898093635
898093645
898093655
899093705
899093715
999093715
898093725
798093825
895093905
898093915
398093925
899093925
397093935
892093935
392093945
886093945
893093955
1098093955
892094005
1098094005
398094015
892094015
1098094015
890094025
1098094025
891094035
1098094035
290094045
398094045
892094045
1097094045
293094055
397094055
893094055
1098094055
291094105
398094105
894094105
1098094105
292094115
1099094115
293094125
398094125
899094125
1098094125
292094135
399094135
1098094135
1299094135
296094145
395094145
1096094145
397094155
798094155
798094205
895094205
798094215
892094215
894094225
897094235
899094255
293094315
1097094315
292094325
899094325
1098094325
296094335
899094335
899094355
1191094505
193094515
1186094515
193094525
1186094525
195094535
797094535
1194094535
195094545
1196094545
198094605
1195094605
494094615
1197094615
1198094625
899094635
899094705
797094715
899094715
899094735
198094815
498094825
1198094845
899094855
1198094905
1499094905
496094915
1194094935
899094945
499094955
896094955
1199095025
1198095045
1097095135
1098095155
298095205
395095205
1097095205
295095215
1498095225
1498095235
1498095245
1498095255
495095325
799095335
249
1598095335
296095435
799095435
199095505
1192095505
798095515
196095535
798095535
1195095535
499095555
798095615
1098095635
497095645
1098095645
1499095645
1498095655
1099095705
1497095705
497095715
1498095715
499095815
796095845
298095855
298095905
495095915
296095925
499095935
897100015
898100035
798100045
897100045
799100055
898100055
894100145
898100205
898100225
892100235
499100245
897100245
896100255
499100335
498100445
499100505
498100525
498100635
298100715
299100745
498100745
499100825
1194100845
298100855
1197100855
297100905
1192100925
296100955
1598101115
299101125
498101135
396101145
399101205
398101255
496101255
398101305
399101335
192101425
498101445
1498101455
399101515
498101545
499101555
498101605
1097101605
298101905
298101915
495102035
497102055
499102105
1496102105
1498102115
899102125
1198102125
1496102125
498102145
497102155
1497102225
399102455
398102505
398102525
293102545
292102555
289102605
398102605
297102615
398102625
399102635
399102645
797102735
798102815
1099102825
1099102905
498103025
695103215
1394103215
496103225
696103225
1097103225
1396103225
691103235
1098103235
1393103235
685103245
1397103245
690103255
1196103255
1397103255
696103305
897103305
1194103305
1395103305
893103315
1193103315
1395103315
1495103315
195103325
690103325
799103325
1198103325
1395103325
198103335
493103335
196103345
1098103345
1398103345
1497103345
1397103355
1399103415
1191103455
1191103505
1399103505
898103515
1193103515
897103525
1198103525
1399103545
1398103555
690103605
1396103605
690103615
1396103615
692103635
692103645
694103655
686103705
1392103705
695103715
1399103715
696103725
694103735
697103755
697103835
1397103835
699103845
698103855
195103905
198103915
197103925
694103925
698103935
499104015
396104035
399104045
699104045
198104055
398104055
699104055
295104105
299104115
395104125
698104125
1096104125
698104135
299104145
698104145
1096104145
398104155
698104155
196104205
298104205
699104205
296104215
698104215
398104225
698104225
498104235
696104235
1096104235
1494104235
698104245
1496104245
294104255
699104255
298104305
693104305
293104315
695104315
297104325
692104325
196104335
298104335
693104335
298104345
499104345
697104345
296104355
698104355
1099104355
299104405
299104415
297104435
298104445
399104445
295104505
1098104505
499104545
298104615
296104625
298104705
298104715
499104715
299104725
499104735
199104745
298104745
193104755
299104755
198104805
298104805
496104805
1097104805
1298104805
248
298104815
298104825
298104835
299104845
298104855
498104855
299104905
299104915
496104925
299104935
499104935
699104935
298104945
498104945
699104945
299104955
298105005
298105015
198105025
299105025
193105035
1499105035
297105045
1496105045
1398105105
497105125
1498105125
499105135
1399105145
1298105215
1396105215
399105235
397105245
1398105245
294105255
499105255
1398105255
297105305
1399105305
1399105325
1398105405
1397105415
1399105425
1399105435
696105445
1398105445
694105455
699105505
699105515
496105525
697105525
699105535
799105715
1399105735
1398105745
1399105755
1398105835
1398105905
397110155
1397110155
697110205
899110205
497110245
699110245
1397110255
396110315
1396110335
399110345
1398110405
698110415
699110425
1097110425
396110445
496110455
699110455
798110455
699110515
496110525
696110525
499110535
799110545
194110605
1097110615
195110625
693110625
198110635
496110635
296110645
498110645
197110655
496110655
497110705
798110715
1397110815
298110825
1098110825
1397110825
1396110835
697110855
799110855
297110905
696110905
1397110915
298110935
699110935
299110945
695110945
299110955
294111005
798111015
894111015
498111025
796111025
898111025
496111035
899111035
497111045
797111115
1497111115
295111155
297111205
297111215
499111215
896111215
895111225
299111235
898111235
898111245
498111255
297111305
497111305
292111315
295111325
698111325
697111335
1394111335
799111535
499111605
499111635
695111645
1397111645
694111655
1395111655
696111705
1395111705
691111915
698111925
698111935
699111955
1395111955
1098112025
1096112215
1099112245
699112255
1395112255
697112305
1096112305
497112315
699112315
697112335
496112345
699112345
695112355
694112405
1094112405
1393112405
697112425
1398112425
699112435
1399112435
1396112445
1098112505
689112525
1098112525
1397112525
695112535
699112545
697112605
697112615
696112625
195112655
1398112655
193112705
1398112705
196112715
1396112715
198112725
1394112725
199112735
1398112735
199112745
198112805
197112815
194112825
1396112825
198112835
1398112835
198112855
199112945
198112955
197113005
198113015
197113025
197113035
692113035
1392113035
698113045
1395113045
698113055
1397113055
695113105
798113105
1397113105
199113115
696113115
1397113115
198113125
195113135
194113145
1297113145
199113155
198113205
198113215
198113225
196113235
195113245
197113255
196113305
198113325
199113335
198113345
893113345
195113405
196113415
698113415
690113425
199113435
695113435
199113445
198113455
247
197113505
697113505
198113515
698113515
196113525
699113525
898113605
895113615
1097113625
1098113705
398113835
398113845
395113855
695113855
399113905
696113925
299114015
396114015
799114015
696114055
1298114055
899114105
694114115
899114115
698114125
297114135
397114135
695114135
499114155
692114225
1497114225
696114235
1496114235
1399114735
1395114755
1396114925
1395115155
696115205
1396115205
193115215
699115215
1394115215
1396115225
699115235
1398115235
698115245
1398115245
698115255
1398115255
894115405
197115455
184115505
196115515
185115525
193115535
394115535
1298115535
196115545
396115545
699115545
1494115545
196115555
195115605
197115615
497115615
196115625
698115635
697115705
1396115705
697115715
1396115715
193115725
1393115725
197115735
688115735
1395115735
698115745
1392115745
697115755
1392115755
187115805
696115805
1099115805
1396115805
194115815
1097115815
199115825
894115825
893115835
893115845
1599115845
192115855
198115905
192115945
691115945
694115955
199120015
691120015
1395120015
192120025
1384120025
192120105
1389120105
1398120115
196120155
195120205
699120355
696120405
1299120415
1298120445
498120545
892120555
1298120555
896120605
1498120605
1498120615
398120625
1393120625
1392120635
1499120635
881120645
1298120645
891120655
1297120655
1496120655
891120705
1399120705
1497120705
694120715
894120715
1299120715
1498120715
1093120725
1498120725
1299120735
1498120735
899120745
1498120745
1097120755
1498120755
1498120805
897120815
1299120815
1498120815
1096120835
1498120835
1099120845
1499120855
1499120905
194120955
194121005
196121015
499121015
1498121025
1498121035
499121055
499121105
499121115
496121135
1499121135
1096121155
1498121155
1097121205
1298121205
1498121205
1493121215
1098121225
1299121225
1499121245
1496121305
1497121315
1498121325
1496121335
1498121345
1098121425
198121455
1499121455
1499121505
899121545
193121825
1298122255
1299122305
1299122325
1297122335
1299122405
392122605
1499122615
1499122625
1498122635
1498122645
1498122655
1498122705
392122715
1498122715
1498122725
1498122735
1498122745
690122755
1399122835
1398122845
1396123015
1398123025
1399123105
694123115
1096123115
1389123115
1498123115
1098123125
1394123125
1097123145
1399123145
1499123205
1096123215
698123225
1096123225
1098123235
798123245
1098123325
1499123325
892123345
797123355
893123355
696123405
896123405
1098123445
1499123505
799123535
1098123535
1299123535
899123605
1499123645
191123655
1498123655
194123735
1498123735
191123745
1498123745
1499123755
1499123805
1499123815
246
1499123825
1496123835
1496123845
1495123855
1499123905
898123915
1498123915
1498123955
1495124005
899124025
899124155
799124445
395124505
399124545
1097124655
1098124815
1098124825
1098124835
1097124855
797124915
1099124935
1099124945
1098124955
1098125835
1098130145
1098130155
1099130205
797130755
799130925
796130935
696131035
693131045
696131055
697131105
899131345
1299131355
799131425
1295131555
395131635
396131645
398131655
398131705
394131725
398131805
394131815
396131825
397131835
397131845
396131855
1298132115
898132245
898132255
896132305
396132505
1099132505
1098132515
1098132525
1298132525
1098132535
1098132545
1098132555
397132605
1098132605
1098132615
1098132625
1098132635
1098132645
1098132655
1098132705
1098132715
1098132725
396132735
1098132735
1098132745
398132755
1098132755
1299132755
1099132805
1098132815
398132825
1098132825
399132835
1099132835
399132845
1098132845
1098132855
398132905
1098132905
399132915
1098132915
399132925
1098132925
399132935
1098132935
398132945
1098132945
399132955
1099132955
399133005
1098133005
398133015
1098133015
1098133025
398133035
1098133035
1098133045
399133055
1098133055
398133105
1098133105
398133115
1098133115
398133125
1098133125
398133135
1098133135
398133145
1098133145
399133155
1098133155
397133205
1098133205
1098133215
398133225
1098133225
398133235
1098133235
399133245
1098133245
399133255
1099133255
399133305
1098133305
399133315
1098133315
399133325
1098133325
399133335
1099133335
398133345
1099133345
399133355
1098133355
1098133405
399133415
1098133415
1098133425
1098133435
1098133445
1098133455
1098133505
1099133515
399133525
1098133525
399133535
1098133535
1098133545
399133555
1098133555
399133605
1098133605
398133615
1098133615
398133625
1098133625
399133635
1099133635
1098133645
399133655
1098133655
399133705
1098133705
398133715
1098133715
399133725
1098133725
398133735
1099133735
399133745
1098133745
399133755
1098133755
1098133805
399133815
898133815
1099133815
891133825
1099133825
895133835
1098133835
896133845
1098133845
892133855
1098133855
399133905
1098133905
1098133915
1098133925
399133935
896133935
1098133935
892133945
1098133945
898133955
1098133955
1098134005
898134015
1098134015
399134025
894134025
1098134025
898134035
1098134035
898134045
1098134045
399134055
898134055
1099134055
1098134105
1098134115
1098134125
1098134135
894134145
1098134145
895134155
1098134155
892134205
1098134205
1098134215
899134225
1098134225
1099134235
1099134245
1099134255
1098134305
399134315
896134315
1098134315
897134325
1098134325
245
897134335
1098134335
899134345
1098134345
899134355
1098134355
899134405
1098134405
399134415
899134415
1098134415
399134425
899134425
1098134425
898134435
1099134435
894134445
1099134445
1098134455
399134505
1099134505
1098134515
896134525
1098134525
899134535
1099134535
898134545
1098134545
398134555
1098134555
888134605
1099134605
884134615
1098134615
899134625
1098134625
894134635
1098134635
398134645
1098134645
398134655
1098134655
1098134705
399134715
891134715
1098134715
399134725
895134725
1098134725
899134735
1098134735
399134745
898134745
1098134745
896134755
1098134755
897134805
1098134805
897134815
1098134815
899134825
1099134825
398134835
1098134835
1098134845
396134855
898134855
1099134855
398134905
899134905
1098134905
1299134905
397134915
897134915
1098134915
898134925
1098134925
898134935
1098134935
898134945
1098134945
892134955
1098134955
891135005
1098135005
896135015
1098135015
895135025
1098135025
898135035
1098135035
898135045
1098135045
898135055
1098135055
899135105
1099135105
1098135115
1098135125
1298135125
899135135
1098135135
899135145
1098135145
1098135155
899135205
1098135205
1099135215
1298135215
898135225
1098135225
1098135235
1098135245
1098135255
1299135255
894135305
1098135305
895135315
1098135315
898135325
1099135325
899135335
1099135335
896135345
1099135345
899135355
1099135355
1299135355
1098135405
1098135415
898135425
1098135425
898135435
1098135435
897135445
1098135445
1299135445
899135455
1098135455
895135505
1098135505
894135515
1098135515
894135525
1098135525
896135535
1098135535
893135545
1098135545
896135555
1098135555
1098135605
896135615
1099135615
898135625
1098135625
1098135635
898135645
1098135645
1098135655
1098135705
899135715
1098135715
1098135725
1098135735
1099135745
892135755
1098135755
1098135805
895135815
1098135815
1098135825
897135835
1098135835
897135845
1099135845
898135855
1098135855
898135905
1098135905
899135915
1098135915
896135925
1098135925
897135935
1098135935
1098135945
899135955
1098135955
899140005
1098140005
899140015
1098140015
898140025
1098140025
897140035
1098140035
1098140045
898140055
1098140055
898140105
1098140105
898140115
1098140115
1299140115
898140125
1098140125
896140135
1098140135
898140145
1098140145
898140155
1098140155
897140205
1098140205
1098140215
798140225
1098140225
1098140235
1098140245
692140255
892140255
1098140255
894140305
1098140305
696140315
891140315
1098140315
890140325
1099140325
895140335
1098140335
899140345
1098140345
1298140345
1098140355
699140405
1098140405
698140415
1098140415
244
698140425
1098140425
699140435
1098140435
897140445
1098140445
897140455
1098140455
695140505
1098140505
1098140515
696140525
896140525
1098140525
693140535
898140535
1098140535
395140545
691140545
898140545
1098140545
397140555
691140555
1098140555
398140605
692140605
1098140605
697140615
898140615
695140625
895140625
693140635
1098140635
1098140645
1098140655
1098140705
1098140715
1299140715
1098140725
1098140735
1098140745
1098140755
1098140805
1098140815
1298140815
1098140825
1098140835
1098140845
895140855
1098140855
1098140905
1098140915
1098140925
1098140935
1298140935
1098140945
1098140955
1098141005
1098141015
893141025
1098141025
891141035
1098141035
896141045
1098141045
1098141055
1098141105
397141115
1098141115
1098141125
391141135
1098141135
1098141145
1098141155
1098141205
1098141215
1098141225
1098141235
1098141245
1098141255
899141305
1098141305
1098141315
1098141325
1299141325
1098141335
893141345
1098141345
899141355
1098141355
897141405
1098141405
892141415
1098141415
397141425
894141425
1098141425
895141435
1098141435
1098141445
1098141455
1098141505
1098141515
1098141525
1098141535
1098141545
1098141555
1098141605
1098141615
1098141625
1098141635
1098141645
1098141655
1098141705
1098141715
1098141725
1098141735
1098141745
1098141755
1098141805
1098141815
1098141825
-1
-1
-1
-1
-1
-1
-1
-1
-1
-1
-1
-1
-1
-1
-1
-1
-1
-1
-1
-1
-1
-1
-1
-1
-1
-1
-1
-1
-1
-1
-1
-1
-1
-1
-1
-1
-1
-1
-1
-1
-1
-1
-1
-1
-1
-1
-1
-1
-1
-1
-1
-1
-1
-1
-1
-1
-1
-1
-1
-1
-1
-1
-1
-1
-1
-1
-1
-1
-1
-1
-1
-1
-1
-1
-1
-1
-1
-1
-1
-1
-1
-1
-1
-1
-1
-1
-1
-1
-1
-1
-1
-1
-1
-1
-1
-1
-1
-1
-1
-1
-1
-1
-1
-1
-1
-1
-1
-1
-1
-1
-1
-1
-1
-1
-1
-1
-1
-1
243
-1
-1
-1
-1
-1
-1
-1
-1
-1
-1
-1
-1
-1
-1
-1
-1
-1
-1
-1
-1
-1
-1
-1
-1
-1
-1
-1
-1
-1
-1
-1
-1
-1
-1
-1
-1
-1
-1
-1
-1
-1
-1
-1
-1
-1
-1
-1
-1
-1
-1
-1
-1
-1
-1
-1
-1
-1
-1
-1
-1
-1
-1
-1
-1
-1
-1
-1
-1
-1
-1
-1
-1
-1
-1
-1
-1
-1
-1
-1
-1
-1
-1
-1
-1
-1
-1
-1
-1
-1
-1
-1
-1
-1
-1
-1
-1
-1
-1
-1
-1
-1
-1
-1
-1
-1
-1
-1
-1
-1
-1
-1
-1
-1
-1
-1
-1
-1
-1
-1
-1
-1
-1
-1
-1
-1
-1
-1
-1
-1
-1
-1
-1
-1
-1
-1
-1
-1
-1
-1
-1
-1
-1
-1
-1
-1
-1
-1
-1
-1
-1
-1
-1
-1
-1
-1
-1
-1
-1
-1
-1
-1
-1
-1
-1
-1
-1
-1
-1
-1
-1
-1
-1
-1
-1
-1
-1
-1
-1
-1
-1
-1
-1
-1
-1
-1
-1
-1
-1
-1
-1
-1
-1
-1
-1
-1
-1
-1
-1
-1
-1
-1
-1
-1
-1
-1
-1
-1
-1
-1
-1
-1
-1
-1
-1
-1
-1
-1
-1
-1
-1
-1
-1
-1
-1
-1
-1
-1
-1
-1
-1
-1
-1
-1
-1
-1
-1
-1
-1
-1
-1
242
-1
-1
-1
-1
-1
-1
-1
-1
-1
-1
-1
-1
-1
-1
-1
-1
-1
-1
-1
-1
-1
-1
-1
-1
-1
-1
-1
-1
-1
-1
-1
-1
-1
-1
-1
-1
-1
-1
-1
-1
-1
-1
-1
-1
-1
-1
-1
-1
-1
-1
-1
-1
-1
-1
-1
-1
-1
-1
-1
-1
-1
-1
-1
-1
-1
-1
-1
-1
-1
-1
-1
-1
-1
-1
-1
-1
-1
-1
-1
-1
-1
-1
-1
-1
-1
-1
-1
-1
-1
-1
-1
-1
-1
-1
-1
-1
-1
-1
-1
-1
-1
-1
-1
-1
-1
-1
-1
-1
-1
-1
-1
-1
-1
-1
-1
-1
-1
-1
-1
-1
-1
-1
-1
-1
-1
-1
-1
-1
-1
-1
-1
-1
-1
-1
-1
-1
-1
-1
-1
-1
-1
-1
-1
-1
-1
-1
-1
-1
-1
-1
-1
-1
-1
-1
-1
-1
-1
-1
-1
-1
-1
-1
-1
-1
-1
-1
-1
-1
-1
-1
-1
-1
-1
-1
-1
-1
-1
-1
-1
-1
-1
-1
-1
-1
-1
-1
-1
-1
-1
-1
-1
-1
-1
-1
-1
-1
-1
-1
-1
-1
-1
-1
-1
-1
-1
-1
-1
-1
-1
-1
-1
-1
-1
-1
-1
-1
-1
-1
-1
-1
-1
-1
-1
-1
-1
-1
-1
-1
-1
-1
-1
-1
-1
-1
-1
-1
-1
-1
-1
-1
241
-1
-1
-1
-1
-1
-1
-1
-1
-1
-1
-1
-1
-1
-1
-1
-1
-1
-1
-1
-1
-1
-1
-1
-1
-1
-1
-1
-1
-1
-1
-1
-1
-1
-1
-1
-1
-1
-1
-1
-1
-1
-1
-1
-1
-1
-1
-1
-1
-1
-1
-1
-1
-1
-1
-1
-1
-1
-1
-1
-1
-1
-1
-1
-1
-1
-1
-1
-1
-1
-1
-1
-1
-1
-1
-1
-1
-1
-1
-1
-1
-1
-1
-1
-1
-1
-1
-1
-1
-1
-1
-1
-1
-1
-1
-1
-1
-1
-1
-1
-1
-1
-1
-1
-1
-1
-1
-1
-1
-1
-1
-1
-1
-1
-1
-1
-1
-1
-1
-1
-1
-1
-1
-1
-1
-1
-1
-1
-1
-1
-1
-1
-1
-1
-1
-1
-1
-1
-1
-1
-1
-1
-1
-1
-1
-1
-1
-1
-1
-1
-1
-1
-1
-1
-1
-1
-1
-1
-1
-1
-1
-1
-1
-1
-1
-1
-1
-1
-1
-1
-1
-1
-1
-1
-1
-1
-1
-1
-1
-1
-1
-1
-1
-1
-1
-1
-1
-1
-1
-1
-1
-1
-1
-1
-1
-1
-1
-1
-1
-1
-1
-1
-1
-1
-1
-1
-1
-1
-1
-1
-1
-1
-1
-1
-1
-1
-1
-1
-1
-1
-1
-1
-1
-1
-1
-1
-1
-1
-1
-1
-1
-1
-1
-1
-1
-1
-1
-1
-1
-1
-1
240
-1
-1
-1
-1
-1
-1
-1
-1
-1
-1
-1
-1
-1
-1
-1
-1
-1
-1
-1
-1
-1
-1
-1
-1
-1
-1
-1
-1
-1
-1
-1
-1
-1
-1
-1
-1
-1
-1
-1
-1
-1
-1
-1
-1
-1
-1
-1
-1
-1
-1
-1
-1
-1
-1
-1
-1
-1
-1
-1
-1
-1
-1
-1
-1
-1
-1
-1
-1
-1
-1
-1
-1
-1
-1
-1
-1
-1
-1
-1
-1
-1
-1
-1
-1
-1
-1
-1
-1
-1
-1
-1
-1
-1
-1
-1
-1
-1
-1
-1
-1
-1
-1
-1
-1
-1
-1
-1
-1
-1
-1
-1
-1
-1
-1
-1
-1
-1
-1
-1
-1
-1
-1
-1
-1
-1
-1
-1
-1
-1
-1
-1
-1
-1
-1
-1
-1
-1
-1
-1
-1
-1
-1
-1
-1
-1
-1
-1
-1
-1
-1
-1
-1
-1
-1
-1
-1
-1
-1
-1
-1
-1
-1
-1
-1
-1
-1
-1
-1
-1
-1
-1
-1
-1
-1
-1
-1
-1
-1
-1
-1
-1
-1
-1
-1
-1
-1
-1
-1
-1
-1
-1
-1
-1
-1
-1
-1
-1
-1
-1
-1
-1
-1
-1
-1
-1
-1
-1
-1
-1
-1
-1
-1
-1
-1
-1
-1
-1
-1
-1
-1
-1
-1
-1
-1
-1
-1
-1
-1
-1
-1
-1
-1
-1
-1
-1
-1
-1
-1
-1
-1
239
-1
-1
-1
-1
-1
-1
-1
-1
-1
-1
-1
-1
-1
-1
-1
-1
-1
-1
-1
-1
-1
-1
-1
-1
-1
-1
-1
-1
-1
-1
-1
-1
-1
-1
-1
-1
-1
-1
-1
-1
-1
-1
-1
-1
-1
-1
-1
-1
-1
-1
-1
-1
-1
-1
-1
-1
-1
-1
-1
-1
-1
-1
-1
-1
-1
-1
-1
-1
-1
-1
-1
-1
-1
-1
-1
-1
-1
-1
-1
-1
-1
-1
-1
-1
-1
-1
-1
-1
-1
-1
-1
-1
-1
-1
-1
-1
-1
-1
-1
-1
-1
-1
-1
-1
-1
-1
-1
-1
-1
-1
-1
-1
-1
-1
-1
-1
-1
-1
-1
-1
-1
-1
-1
-1
-1
-1
-1
-1
-1
-1
-1
-1
-1
-1
-1
-1
-1
-1
-1
-1
-1
-1
-1
-1
-1
-1
-1
-1
-1
-1
-1
-1
-1
-1
-1
-1
-1
-1
-1
-1
-1
-1
-1
-1
-1
-1
-1
-1
-1
-1
-1
-1
-1
-1
-1
-1
-1
-1
-1
-1
-1
-1
-1
-1
-1
-1
-1
-1
-1
-1
-1
-1
-1
-1
-1
-1
-1
-1
-1
-1
-1
-1
-1
-1
-1
-1
-1
-1
-1
-1
-1
-1
-1
-1
-1
-1
-1
-1
-1
-1
-1
-1
-1
-1
-1
-1
-1
-1
-1
-1
-1
-1
-1
-1
-1
-1
-1
-1
-1
-1
238
-1
-1
-1
-1
-1
-1
-1
-1
-1
-1
-1
-1
-1
-1
-1
-1
-1
-1
-1
-1
-1
-1
-1
-1
-1
-1
-1
-1
-1
-1
-1
-1
-1
-1
-1
-1
-1
-1
-1
-1
-1
-1
-1
-1
-1
-1
-1
-1
-1
-1
-1
-1
-1
-1
-1
-1
-1
-1
-1
-1
-1
-1
-1
-1
-1
-1
-1
-1
-1
-1
-1
-1
-1
-1
-1
-1
-1
-1
-1
-1
-1
-1
-1
-1
-1
-1
-1
-1
-1
-1
-1
-1
-1
-1
-1
-1
-1
-1
-1
-1
-1
-1
-1
-1
-1
-1
-1
-1
-1
-1
-1
-1
-1
-1
-1
-1
-1
-1
-1
-1
-1
-1
-1
-1
-1
-1
-1
-1
-1
-1
-1
-1
-1
-1
-1
-1
-1
-1
-1
-1
-1
-1
-1
-1
-1
-1
-1
-1
-1
-1
-1
-1
-1
-1
-1
-1
-1
-1
-1
-1
-1
-1
-1
-1
-1
-1
-1
-1
-1
-1
-1
-1
-1
-1
-1
-1
-1
-1
-1
-1
-1
-1
-1
-1
-1
-1
-1
-1
-1
-1
-1
-1
-1
-1
-1
-1
-1
-1
-1
-1
-1
-1
-1
-1
-1
-1
-1
-1
-1
-1
-1
-1
-1
-1
-1
-1
-1
-1
-1
-1
-1
-1
-1
-1
-1
-1
-1
-1
-1
-1
-1
-1
-1
-1
-1
-1
-1
-1
-1
-1
237
-1
-1
-1
-1
-1
-1
-1
-1
-1
-1
-1
-1
-1
-1
-1
-1
-1
-1
-1
-1
-1
-1
-1
-1
-1
-1
-1
-1
-1
-1
-1
-1
-1
-1
-1
-1
-1
-1
-1
-1
-1
-1
-1
-1
-1
-1
-1
-1
-1
-1
-1
-1
-1
-1
-1
-1
-1
-1
-1
-1
-1
-1
-1
-1
-1
-1
-1
-1
-1
-1
-1
-1
-1
-1
-1
-1
-1
-1
-1
-1
-1
-1
-1
-1
-1
-1
-1
-1
-1
-1
-1
-1
-1
-1
-1
-1
-1
-1
-1
-1
-1
-1
-1
-1
-1
-1
-1
-1
-1
-1
-1
-1
-1
-1
-1
-1
-1
-1
-1
-1
-1
-1
-1
-1
-1
-1
-1
-1
-1
-1
-1
-1
-1
-1
-1
-1
-1
-1
-1
-1
-1
-1
-1
-1
-1
-1
-1
-1
-1
-1
-1
-1
-1
-1
-1
-1
-1
-1
-1
-1
-1
-1
-1
-1
-1
-1
-1
-1
-1
-1
-1
-1
-1
-1
-1
-1
-1
-1
-1
-1
-1
-1
-1
-1
-1
-1
-1
-1
-1
-1
-1
-1
-1
-1
-1
-1
-1
-1
-1
-1
-1
-1
-1
-1
-1
-1
-1
-1
-1
-1
-1
-1
-1
-1
-1
-1
-1
-1
-1
-1
-1
-1
-1
-1
-1
-1
-1
-1
-1
-1
-1
-1
-1
-1
-1
-1
-1
-1
-1
-1
236
-1
-1
-1
-1
-1
-1
-1
-1
-1
-1
-1
-1
-1
-1
-1
-1
-1
-1
-1
-1
-1
-1
-1
-1
-1
-1
-1
-1
-1
-1
-1
-1
-1
-1
-1
-1
-1
-1
-1
-1
-1
-1
-1
-1
-1
-1
-1
-1
-1
-1
-1
-1
-1
-1
-1
-1
-1
-1
-1
-1
-1
-1
-1
-1
-1
-1
-1
-1
-1
-1
-1
-1
-1
-1
-1
-1
-1
-1
-1
-1
-1
-1
-1
-1
-1
-1
-1
-1
-1
-1
-1
-1
-1
-1
-1
-1
-1
-1
-1
-1
-1
-1
-1
-1
-1
-1
-1
-1
-1
-1
-1
-1
-1
-1
-1
-1
-1
-1
-1
-1
-1
-1
-1
-1
-1
-1
-1
-1
-1
-1
-1
-1
-1
-1
-1
-1
-1
-1
-1
-1
-1
-1
-1
-1
-1
-1
-1
-1
-1
-1
-1
-1
-1
-1
-1
-1
-1
-1
-1
-1
-1
-1
-1
-1
-1
-1
-1
-1
-1
-1
-1
-1
-1
-1
-1
-1
-1
-1
-1
-1
-1
-1
-1
-1
-1
-1
-1
-1
-1
-1
-1
-1
-1
-1
-1
-1
-1
-1
-1
-1
-1
-1
-1
-1
-1
-1
-1
-1
-1
-1
-1
-1
-1
-1
-1
-1
-1
-1
-1
-1
-1
-1
-1
-1
-1
-1
-1
-1
-1
-1
-1
-1
-1
-1
-1
-1
-1
-1
-1
-1
235
-1
-1
-1
-1
-1
-1
-1
-1
-1
-1
-1
-1
-1
-1
-1
-1
-1
-1
-1
-1
-1
-1
-1
-1
-1
-1
-1
-1
-1
-1
-1
-1
-1
-1
-1
-1
-1
-1
-1
-1
-1
-1
-1
-1
-1
-1
ý