Waiting for serial communication...
250
1195090005
1194090205
1190090335
1196090415
1196090505
1194090525
1196090635
1193090645
1195091215
1196091825
1196091835
1195091945
1195091955
1096092455
1096092505
1096092515
1096092525
1096092615
1495092625
1496092655
1296092705
696092715
696092745
896092755
1094092755
1494092755
696092825
896092825
895092835
1296092835
1096092845
693092855
1095092855
896092935
1096092935
494093035
695093205
696093215
896093225
694093245
696093255
1192093255
1496093325
1496093335
696093355
896093355
1195093355
895093415
896093425
1194093425
896093445
496093515
1191093525
695093615
896093615
696093625
996093705
1096093725
696093755
1095093805
895093815
296093845
396093845
694093845
695093855
896093855
696093915
695093925
294093945
1096093945
1196093945
294093955
294094005
696094005
296094015
295094025
696094025
695094035
696094045
695094105
695094115
696094125
1195094125
894094135
1194094135
296094155
892094155
1196094205
696094215
396094225
1096094225
396094235
696094235
395094245
296094255
396094255
293094305
1095094305
696094315
296094345
696094345
295094355
689094355
295094405
694094405
1096094405
292094415
696094415
291094425
291094435
396094435
695094435
1095094435
196094445
296094445
396094445
1095094445
1095094455
1196094455
296094505
1095094505
696094525
295094535
696094625
1196094625
696094715
196094745
696094805
1196094835
696094845
1196094845
293094905
496094905
1096094905
296094915
1095094915
696094925
1096094925
696094935
1095094935
1096094945
296094955
696094955
1096094955
896095005
1096095005
696095015
1096095015
295095025
1095095025
293095035
396095035
695095035
895095035
296095045
496095045
695095045
895095045
295095055
686095055
296095105
692095105
295095115
696095125
295095135
396095135
696095135
295095145
696095155
691095205
196095215
695095215
296095225
695095235
296095245
396095245
694095245
195095255
296095255
690095255
1195095255
195095305
690095305
1195095305
695095315
796095315
295095325
695095325
696095335
693095345
195095405
695095405
1195095405
394095415
695095415
294095425
695095425
196095435
696095435
695095445
696095455
694095505
796095505
693095515
693095525
696095535
195095545
695095545
1195095545
694095555
696095605
1196095605
695095615
1196095615
496095625
1196095625
695095635
1196095635
1196095645
694095655
1196095655
695095705
1196095705
1196095715
696095725
1196095725
695095745
1196095745
695095755
1196095755
496095805
695095805
796095805
1196095805
696095815
1196095815
1196095825
695095835
1196095835
695095845
249
1196095845
695095855
1196095855
696095905
1196095905
694095915
696095925
1196095925
696095935
1196095935
695095945
796095945
1196095945
1196095955
696100005
796100005
1196100005
694100015
1196100015
1196100025
1196100035
695100045
1196100045
696100055
1196100055
896100105
1196100105
1196100115
196100135
695100135
694100145
696100155
1196100155
694100215
696100225
695100235
396100245
695100245
695100255
795100255
896100255
693100305
396100315
695100315
696100325
896100325
696100335
695100345
896100345
695100355
695100405
1195100405
396100415
694100415
896100415
696100425
795100435
1196100435
694100445
695100455
694100505
896100525
696100535
896100535
395100545
896100545
396100555
694100555
696100605
696100625
695100655
796100655
696100705
694100715
696100755
1194100755
696100805
496100815
695100815
695100825
696100845
1195100935
1196100945
1195100955
295101005
296101015
295101035
694101035
1196101035
195101045
696101045
196101055
294101055
696101105
296101115
695101115
396101125
696101135
1196101155
695101205
695101235
695101245
196101345
694101355
696101415
1194101425
696101435
295101445
796101445
696101505
696101515
696101545
1194101605
696101635
696101655
696101735
696101805
696101815
696101845
1196101845
696101855
1195101855
696101905
1195101905
696101915
1195101915
696101925
1195101925
696101935
696101945
896101945
195101955
896101955
696102005
696102015
1194102015
495102025
896102025
896102035
696102115
896102115
695102125
895102125
495102135
696102135
696102145
696102215
1196102215
1496102255
195102315
696102355
696102405
696102415
1096102425
692102555
896102555
694102605
90102615
694102615
693102625
694102635
695102645
296102655
896102655
296102705
1196102705
295102715
294102725
296102745
1096102745
295102805
396102825
396102845
495103045
295103125
296103145
1195103145
296103155
296103205
694103205
1395103205
295103225
296103235
295103245
1193103245
196103255
296103255
296103315
293103325
896103325
896103335
1194103335
296103345
896103345
196103355
295103355
795103355
896103355
1196103355
296103405
794103405
895103405
295103415
893103415
1096103415
295103425
895103425
895103435
895103445
1196103445
1196103455
296103505
895103535
894103545
196103615
196103625
896103625
1395103625
796103635
894103635
896103645
1395103645
896103655
296103735
795103815
293103845
1396103855
396103915
396103925
895103935
1096103935
895103945
896103955
896104005
1396104005
296104015
896104015
1394104015
1393104025
294104035
248
1395104035
1395104045
793104055
1095104105
1396104105
794104125
891104145
895104155
895104205
1496104215
296104225
796104225
294104235
796104235
295104245
796104245
896104245
795104335
795104345
796104355
795104405
1596104405
795104415
196104425
795104425
196104435
794104445
294104515
295104525
295104535
294104545
796104545
294104555
294104605
896104615
796104655
396104705
895104715
196104725
895104725
195104735
895104735
1096104735
895104745
893104755
892104805
795104815
795104825
795104835
796104855
896104905
896104915
894105025
196105045
796105045
896105045
295105055
891105055
1395105105
796105115
895105115
793105155
793105205
793105215
1396105225
1396105235
293105245
896105245
895105255
895105305
194105315
894105315
495105335
296105355
296105405
296105415
296105425
296105435
296105445
495105515
696105535
696105625
695105635
692105645
396105705
695105705
696105725
495105745
1396105745
695105755
695105805
694105815
696105825
696105835
696105845
1396105905
296105915
1396105915
1396105925
696105955
696110005
696110015
494110025
692110025
1391110025
694110035
1395110035
1396110115
696110135
696110145
896110145
1394110145
1496110145
696110155
1395110155
896110205
896110215
1395110255
1391110305
896110315
1394110315
193110335
194110455
394110535
696110535
695110545
693110555
696110605
1094110605
295110615
695110615
296110625
292110635
295110655
396110655
396110715
293110735
394110745
195110755
293110755
196110805
295110835
294110845
1395110845
1395110905
695110915
693110925
896110925
895111005
296111015
295111025
1096111025
295111045
196111055
295111055
196111105
296111105
1096111115
1096111125
196111135
293111135
1496111135
295111255
196111305
895111305
196111315
896111315
895111325
1095111325
296111345
1394111345
196111355
296111355
496111355
691111355
1395111355
196111405
296111405
690111405
1396111405
196111415
296111415
695111415
296111425
696111425
1396111425
195111435
695111435
1396111435
296111445
696111445
196111505
296111505
696111505
296111515
696111515
196111525
295111525
696111525
693111535
1392111535
696111545
1395111545
196111555
1394111555
196111605
796111605
194111615
296111615
695111615
696111625
1396111625
1296111715
694111725
1394111725
195111735
1496111745
196111805
295111805
692111815
693111855
696111905
295112015
295112025
1493112125
1495112135
294112205
896112205
295112215
296112225
296112235
896112235
896112255
296112305
294112315
1390112315
896112325
1396112325
896112335
1396112335
247
896112345
1396112345
894112355
1095112355
1394112355
296112425
295112435
295112445
695112445
295112455
695112455
296112505
696112505
693112515
1396112515
296112625
296112635
196112645
295112645
695112645
296112655
296112705
896112825
1396112845
695112905
1396112905
696112915
696112925
1396112925
696112935
896112945
295112955
296113005
1496113015
692113025
1394113025
896113045
296113055
1496113105
295113125
695113125
296113135
294113145
396113145
295113155
295113205
295113215
396113215
295113225
1396113235
296113245
1394113245
1395113255
396113305
1396113325
396113335
895113335
1396113335
1395113345
396113355
696113355
1394113355
696113405
1390113405
1392113415
1393113425
396113435
1395113435
1392113445
1390113455
1388113505
1389113515
1396113525
696113535
1394113535
396113545
895113615
1396113615
696113635
1396113635
694113645
1496113645
691113655
396113735
1496113755
295113805
296113815
394113815
694113815
1396113815
294113825
695113825
1396113825
696113835
1395113835
695113845
296113855
296113905
1395113905
295113915
396113915
295113925
1396113925
394113935
1395113935
1395113945
292113955
395113955
1396113955
296114005
396114005
895114005
1396114005
296114015
1396114015
1396114025
1395114035
1396114045
1396114055
1396114105
1392114115
1393114125
1395114135
295114145
394114145
695114145
896114145
1396114145
195114155
295114155
896114155
1395114155
196114205
691114205
896114205
1395114205
696114215
1395114215
196114225
1394114225
696114235
1393114235
694114245
1393114245
1394114305
1396114315
1395114325
1395114335
1496114335
1389114345
1395114355
1395114405
1395114415
1396114425
1395114435
1096114445
1396114455
196114525
1396114525
1095114535
196114555
1096114605
1395114725
1396114735
1392114745
1096114805
196114905
1396114935
696114955
692115005
695115015
696115045
691115125
1391115125
696115135
1396115135
696115145
1396115145
196115155
195115205
696115225
696115305
695115315
696115325
1396115335
895115355
1395115415
695115445
1396115455
695115505
395115515
696115515
696115525
692115535
496115555
695115555
1396115555
696115605
1394115605
696115615
696115635
1395115635
696115645
696115725
696115825
1394115825
696115835
1396115835
692115845
1394115845
692115855
894115855
1392115855
696115905
892115905
1096115905
1396115905
894115915
895115925
1096115925
891115935
1096115935
892115945
1396115945
895115955
1395115955
195120005
1094120005
1395120005
896120015
1093120015
696120025
1095120025
696120035
1096120035
1396120035
196120045
694120045
896120045
1396120045
246
196120055
695120055
895120105
895120115
895120125
1396120125
195120135
1395120135
196120145
896120145
1396120145
1396120205
195120215
196120225
195120245
195120255
195120305
195120315
195120325
194120335
194120345
692120345
195120355
195120405
1394120405
196120415
695120415
1396120415
196120425
690120425
1396120425
196120435
896120435
196120445
696120445
1395120445
196120455
696120455
695120515
695120525
195120535
695120535
696120545
895120545
196120555
696120555
496120605
696120605
696120615
895120615
896120625
695120645
1096120645
396120705
695120725
896120725
696120735
893120735
695120745
896120755
894120805
896120815
396120825
895120825
396120835
396120845
696120915
696121025
1096121135
896121245
896121255
896121325
894121335
896121345
896121405
895121415
896121445
895121455
896121505
896121545
896121555
696121715
696121725
696121805
696121835
696121845
696121855
696121915
696121925
696122015
696122025
696122045
695122105
696122135
696122205
696122215
696122225
696122235
696122505
696122515
696122525
696122535
696122615
396122635
695122635
396122725
696122735
692122745
695122805
691122815
696122825
1396122855
695122905
696122915
694122925
696122935
1396122935
696122945
1394122945
695122955
695123025
1396123045
696123055
695123105
695123125
693123135
694123155
696123205
694123215
696123225
696123235
695123245
694123255
696123305
696123315
896123315
695123325
895123325
694123335
794123335
1396123335
692123345
794123345
695123405
1396123405
696123415
895123415
896123425
1095123425
696123435
896123435
1396123435
694123455
694123505
695123515
1095123515
695123525
896123525
196123535
696123535
896123535
196123545
695123545
892123555
1096123555
196123605
896123615
196123635
196123715
196123815
893123815
895123835
893123905
896123925
895123945
896124005
891124015
895124025
895124035
896124045
1495124045
896124135
893124145
895124155
896124205
1096124615
1092124625
1496124635
696124645
696124715
696124835
196124855
696124855
896124905
896124915
196124925
396124925
694124925
895124925
196124935
396124935
694124935
896124935
196124945
693124945
896124945
196124955
396124955
696124955
896124955
396125005
696125005
895125005
1496125005
696125015
896125015
695125025
896125025
696125035
896125035
696125045
896125045
196125055
396125055
695125055
896125055
896125105
196125115
696125115
896125115
196125125
896125125
896125135
395125145
694125145
895125145
1494125145
696125155
894125155
1492125155
245
693125205
895125205
1496125205
194125225
696125225
896125225
693125235
896125235
1495125235
694125245
896125245
194125255
396125255
693125255
896125255
1496125255
196125305
195125315
896125315
895125325
194125335
196125345
1096125345
196125355
696125405
196125415
396125415
196125425
196125435
196125445
195125455
196125505
196125515
96125715
195125715
194125725
696125725
1496125725
194125735
195125745
195125755
194125805
194125815
195125825
195125835
894125835
194125845
194125855
194125905
194125915
194125925
194125935
194125945
195125955
195130005
895130005
195130015
896130015
195130025
195130035
195130045
195130055
195130105
695130105
895130105
195130115
695130115
195130125
195130135
195130145
196130155
196130205
695130205
196130215
196130225
696130235
196130245
196130255
196130335
195130345
696130345
696130355
896130355
196130405
696130405
196130415
896130415
896130445
896130455
896130505
696130515
195130545
195130555
196130635
196130655
696130655
696130705
696130715
696130725
696130735
696130745
696130815
196130835
695130835
896130835
196130845
694130845
885130845
196130855
895130855
196130905
896130915
195130935
896130935
195130945
696130945
895130945
194130955
394130955
696130955
896130955
194131005
696131005
195131015
696131015
195131025
394131025
393131035
896131035
394131045
196131055
395131055
894131055
196131105
396131105
896131105
196131115
896131115
195131125
394131125
695131125
394131135
696131135
395131145
696131145
392131155
694131155
196131205
392131215
695131225
895131225
695131235
695131245
394131305
696131335
696131355
696131415
896131415
695131435
690131455
696131505
896131525
896131535
896131545
895131555
896131625
696131845
696132005
1296132025
696132105
696132115
695132125
695132145
695132155
696132205
895132215
1096132225
891132235
895132315
395132555
395132655
696132735
696132745
696132755
692132815
1296132905
896132925
893132935
894132945
696132955
696133015
1496133015
896133045
896133055
896133105
695133205
696133215
696133225
696133305
696133315
1296133315
695133335
696133345
695133355
695133405
696133415
694133455
692133505
891133515
895133525
695133535
695133545
693133555
696133625
696133635
896133635
695133645
696133655
695133705
691133715
896133715
693133725
693133735
896133735
695133745
894133745
695133755
896133805
693133825
695133835
895133905
889133925
696133935
696133945
696134025
696134105
696134305
695134315
696134325
696134335
244
696134345
696134355
695134435
695134515
695134525
693134535
695134545
695134555
692134605
696134615
695134635
695134645
695134655
395134925
396135105
694135245
695135255
695135305
696135335
1296135345
691135355
692135405
684135415
693135425
693135435
1295135435
693135445
696135455
696135505
692135535
1296135535
691135555
695135605
396135715
695135715
696135725
696135845
695135855
696135905
692135915
696135925
695135935
696135945
396140155
894140225
690140245
890140245
393140505
896140505
396140515
-1
-1
-1
-1
-1
-1
-1
-1
-1
-1
-1
-1
-1
-1
-1
-1
-1
-1
-1
-1
-1
-1
-1
-1
-1
-1
-1
-1
-1
-1
-1
-1
-1
-1
-1
-1
-1
-1
-1
-1
-1
-1
-1
-1
-1
-1
-1
-1
-1
-1
-1
-1
-1
-1
-1
-1
-1
-1
-1
-1
-1
-1
-1
-1
-1
-1
-1
-1
-1
-1
-1
-1
-1
-1
-1
-1
-1
-1
-1
-1
-1
-1
-1
-1
-1
-1
-1
-1
-1
-1
-1
-1
-1
-1
-1
-1
-1
-1
-1
-1
-1
-1
-1
-1
-1
-1
-1
-1
-1
-1
-1
-1
-1
-1
-1
-1
-1
-1
-1
-1
-1
-1
-1
-1
-1
-1
-1
-1
-1
-1
-1
-1
-1
-1
-1
-1
-1
-1
-1
-1
-1
-1
-1
-1
-1
-1
-1
-1
-1
-1
-1
-1
-1
-1
-1
-1
-1
-1
-1
-1
-1
-1
-1
-1
-1
-1
-1
-1
-1
-1
-1
-1
-1
-1
-1
-1
-1
-1
-1
-1
-1
-1
-1
-1
-1
-1
-1
-1
-1
-1
243
-1
-1
-1
-1
-1
-1
-1
-1
-1
-1
-1
-1
-1
-1
-1
-1
-1
-1
-1
-1
-1
-1
-1
-1
-1
-1
-1
-1
-1
-1
-1
-1
-1
-1
-1
-1
-1
-1
-1
-1
-1
-1
-1
-1
-1
-1
-1
-1
-1
-1
-1
-1
-1
-1
-1
-1
-1
-1
-1
-1
-1
-1
-1
-1
-1
-1
-1
-1
-1
-1
-1
-1
-1
-1
-1
-1
-1
-1
-1
-1
-1
-1
-1
-1
-1
-1
-1
-1
-1
-1
-1
-1
-1
-1
-1
-1
-1
-1
-1
-1
-1
-1
-1
-1
-1
-1
-1
-1
-1
-1
-1
-1
-1
-1
-1
-1
-1
-1
-1
-1
-1
-1
-1
-1
-1
-1
-1
-1
-1
-1
-1
-1
-1
-1
-1
-1
-1
-1
-1
-1
-1
-1
-1
-1
-1
-1
-1
-1
-1
-1
-1
-1
-1
-1
-1
-1
-1
-1
-1
-1
-1
-1
-1
-1
-1
-1
-1
-1
-1
-1
-1
-1
-1
-1
-1
-1
-1
-1
-1
-1
-1
-1
-1
-1
-1
-1
-1
-1
-1
-1
-1
-1
-1
-1
-1
-1
-1
-1
-1
-1
-1
-1
-1
-1
-1
-1
-1
-1
-1
-1
-1
-1
-1
-1
-1
-1
-1
-1
-1
-1
-1
-1
-1
-1
-1
-1
-1
-1
-1
-1
-1
-1
-1
-1
-1
-1
-1
-1
-1
-1
242
-1
-1
-1
-1
-1
-1
-1
-1
-1
-1
-1
-1
-1
-1
-1
-1
-1
-1
-1
-1
-1
-1
-1
-1
-1
-1
-1
-1
-1
-1
-1
-1
-1
-1
-1
-1
-1
-1
-1
-1
-1
-1
-1
-1
-1
-1
-1
-1
-1
-1
-1
-1
-1
-1
-1
-1
-1
-1
-1
-1
-1
-1
-1
-1
-1
-1
-1
-1
-1
-1
-1
-1
-1
-1
-1
-1
-1
-1
-1
-1
-1
-1
-1
-1
-1
-1
-1
-1
-1
-1
-1
-1
-1
-1
-1
-1
-1
-1
-1
-1
-1
-1
-1
-1
-1
-1
-1
-1
-1
-1
-1
-1
-1
-1
-1
-1
-1
-1
-1
-1
-1
-1
-1
-1
-1
-1
-1
-1
-1
-1
-1
-1
-1
-1
-1
-1
-1
-1
-1
-1
-1
-1
-1
-1
-1
-1
-1
-1
-1
-1
-1
-1
-1
-1
-1
-1
-1
-1
-1
-1
-1
-1
-1
-1
-1
-1
-1
-1
-1
-1
-1
-1
-1
-1
-1
-1
-1
-1
-1
-1
-1
-1
-1
-1
-1
-1
-1
-1
-1
-1
-1
-1
-1
-1
-1
-1
-1
-1
-1
-1
-1
-1
-1
-1
-1
-1
-1
-1
-1
-1
-1
-1
-1
-1
-1
-1
-1
-1
-1
-1
-1
-1
-1
-1
-1
-1
-1
-1
-1
-1
-1
-1
-1
-1
-1
-1
-1
-1
-1
-1
241
-1
-1
-1
-1
-1
-1
-1
-1
-1
-1
-1
-1
-1
-1
-1
-1
-1
-1
-1
-1
-1
-1
-1
-1
-1
-1
-1
-1
-1
-1
-1
-1
-1
-1
-1
-1
-1
-1
-1
-1
-1
-1
-1
-1
-1
-1
-1
-1
-1
-1
-1
-1
-1
-1
-1
-1
-1
-1
-1
-1
-1
-1
-1
-1
-1
-1
-1
-1
-1
-1
-1
-1
-1
-1
-1
-1
-1
-1
-1
-1
-1
-1
-1
-1
-1
-1
-1
-1
-1
-1
-1
-1
-1
-1
-1
-1
-1
-1
-1
-1
-1
-1
-1
-1
-1
-1
-1
-1
-1
-1
-1
-1
-1
-1
-1
-1
-1
-1
-1
-1
-1
-1
-1
-1
-1
-1
-1
-1
-1
-1
-1
-1
-1
-1
-1
-1
-1
-1
-1
-1
-1
-1
-1
-1
-1
-1
-1
-1
-1
-1
-1
-1
-1
-1
-1
-1
-1
-1
-1
-1
-1
-1
-1
-1
-1
-1
-1
-1
-1
-1
-1
-1
-1
-1
-1
-1
-1
-1
-1
-1
-1
-1
-1
-1
-1
-1
-1
-1
-1
-1
-1
-1
-1
-1
-1
-1
-1
-1
-1
-1
-1
-1
-1
-1
-1
-1
-1
-1
-1
-1
-1
-1
-1
-1
-1
-1
-1
-1
-1
-1
-1
-1
-1
-1
-1
-1
-1
-1
-1
-1
-1
-1
-1
-1
-1
-1
-1
-1
-1
-1
240
-1
-1
-1
-1
-1
-1
-1
-1
-1
-1
-1
-1
-1
-1
-1
-1
-1
-1
-1
-1
-1
-1
-1
-1
-1
-1
-1
-1
-1
-1
-1
-1
-1
-1
-1
-1
-1
-1
-1
-1
-1
-1
-1
-1
-1
-1
-1
-1
-1
-1
-1
-1
-1
-1
-1
-1
-1
-1
-1
-1
-1
-1
-1
-1
-1
-1
-1
-1
-1
-1
-1
-1
-1
-1
-1
-1
-1
-1
-1
-1
-1
-1
-1
-1
-1
-1
-1
-1
-1
-1
-1
-1
-1
-1
-1
-1
-1
-1
-1
-1
-1
-1
-1
-1
-1
-1
-1
-1
-1
-1
-1
-1
-1
-1
-1
-1
-1
-1
-1
-1
-1
-1
-1
-1
-1
-1
-1
-1
-1
-1
-1
-1
-1
-1
-1
-1
-1
-1
-1
-1
-1
-1
-1
-1
-1
-1
-1
-1
-1
-1
-1
-1
-1
-1
-1
-1
-1
-1
-1
-1
-1
-1
-1
-1
-1
-1
-1
-1
-1
-1
-1
-1
-1
-1
-1
-1
-1
-1
-1
-1
-1
-1
-1
-1
-1
-1
-1
-1
-1
-1
-1
-1
-1
-1
-1
-1
-1
-1
-1
-1
-1
-1
-1
-1
-1
-1
-1
-1
-1
-1
-1
-1
-1
-1
-1
-1
-1
-1
-1
-1
-1
-1
-1
-1
-1
-1
-1
-1
-1
-1
-1
-1
-1
-1
-1
-1
-1
-1
-1
-1
239
-1
-1
-1
-1
-1
-1
-1
-1
-1
-1
-1
-1
-1
-1
-1
-1
-1
-1
-1
-1
-1
-1
-1
-1
-1
-1
-1
-1
-1
-1
-1
-1
-1
-1
-1
-1
-1
-1
-1
-1
-1
-1
-1
-1
-1
-1
-1
-1
-1
-1
-1
-1
-1
-1
-1
-1
-1
-1
-1
-1
-1
-1
-1
-1
-1
-1
-1
-1
-1
-1
-1
-1
-1
-1
-1
-1
-1
-1
-1
-1
-1
-1
-1
-1
-1
-1
-1
-1
-1
-1
-1
-1
-1
-1
-1
-1
-1
-1
-1
-1
-1
-1
-1
-1
-1
-1
-1
-1
-1
-1
-1
-1
-1
-1
-1
-1
-1
-1
-1
-1
-1
-1
-1
-1
-1
-1
-1
-1
-1
-1
-1
-1
-1
-1
-1
-1
-1
-1
-1
-1
-1
-1
-1
-1
-1
-1
-1
-1
-1
-1
-1
-1
-1
-1
-1
-1
-1
-1
-1
-1
-1
-1
-1
-1
-1
-1
-1
-1
-1
-1
-1
-1
-1
-1
-1
-1
-1
-1
-1
-1
-1
-1
-1
-1
-1
-1
-1
-1
-1
-1
-1
-1
-1
-1
-1
-1
-1
-1
-1
-1
-1
-1
-1
-1
-1
-1
-1
-1
-1
-1
-1
-1
-1
-1
-1
-1
-1
-1
-1
-1
-1
-1
-1
-1
-1
-1
-1
-1
-1
-1
-1
-1
-1
-1
-1
-1
-1
-1
-1
-1
þ