893090005
1395090005
893090015
1196090015
1395090015
196090025
894090025
1196090025
1395090025
196090035
893090035
1396090035
196090045
893090045
1395090045
196090055
893090055
1395090055
196090105
894090105
1395090105
196090115
893090115
1395090115
196090125
893090125
1395090125
196090135
894090135
1396090135
196090145
893090145
1396090145
196090155
894090155
1396090155
196090205
894090205
1395090205
196090215
894090215
1395090215
196090225
894090225
1395090225
196090235
893090235
1395090235
196090245
894090245
1395090245
196090255
893090255
1396090255
196090305
893090305
1396090305
196090315
893090315
1396090315
196090325
893090325
1396090325
196090335
894090335
1395090335
196090345
893090345
1396090345
196090355
894090355
1396090355
196090405
893090405
1396090405
196090415
894090415
1396090415
196090425
894090425
1396090425
196090435
894090435
1395090435
196090445
894090445
1395090445
196090455
894090455
1396090455
196090505
894090505
1396090505